#FLG 000
#VER 19
#CHEN
1
7
1
1
F43000415
250626
RPS-AZ-TRIBUNE



41110024
AZ-43-RPS Agadez Misrata
ETS Oudou Younoussa
1
0
0,000000
41110024
1
1
0






CHAZ43RPS
1
21
11
1
1
1
0
0,0000
0,0000
1
0
2
4111000
00:01:22



0


0
0,00
0
0
0,00
0
0,0000
0
0
0,0000
0
0
0,0000
0
0



0
0
0




#CHLI
RPS-AZ-TRIBUNE
GAS
BY1037RN







0
618,0000
0,00
200,00
200,00

0,0000
0,0000

0
570,50
0,00
570,50
0



AZ-43-RPS Agadez Misrata
CHAZ43RPS
1

0
0,0000
0
0
0,0000
0
0
0,0000
0
0
41110024


0
0


0
0


250626



0

0,00
#CHLI
RPS-AZ-TRIBUNE
GAS
BV7617RN







0
618,0000
0,00
200,00
200,00

0,0000
0,0000

0
570,50
0,00
570,50
0



AZ-43-RPS Agadez Misrata
CHAZ43RPS
1

0
0,0000
0
0
0,0000
0
0
0,0000
0
0
41110024


0
0


0
0


250626



0

0,00
#CHRE
2
250626

0,00
0,00
1
0

#CHEN
1
7
1
1
F43000416
250626
RPS-AZ-TRIBUNE



4112006
AZ-43-RPS Agadez Misrata
Moussa/ SS-Transport
1
0
0,000000
4112006
1
1
0






CHAZ43RPS
1
21
11
1
1
1
0
0,0000
0,0000
1
0
2
4112000
00:02:55



0


0
0,00
0
0
0,00
0
0,0000
0
0
0,0000
0
0
0,0000
0
0



0
0
0




#CHLI
RPS-AZ-TRIBUNE
GAS
BT7390RN







0
618,0000
0,00
69,58
69,58

0,0000
0,0000

0
570,50
0,00
570,50
0



AZ-43-RPS Agadez Misrata
CHAZ43RPS
1

0
0,0000
0
0
0,0000
0
0
0,0000
0
0
4112006


0
0


0
0


250626



0

0,00
#CHRE
2
250626

0,00
0,00
1
0

#CHEN
1
7
1
1
F43000417
250626
RPS-AZ-TRIBUNE



41120040
AZ-43-RPS Agadez Misrata
SOTCO
1
0
0,000000
41120040
1
1
0






CHAZ43RPS
1
21
11
1
1
1
0
0,0000
0,0000
1
0
2
4112000
00:03:41



0


0
0,00
0
0
0,00
0
0,0000
0
0
0,0000
0
0
0,0000
0
0



0
0
0




#CHLI
RPS-AZ-TRIBUNE
GAS
BF7055RN







0
618,0000
0,00
450,00
450,00

0,0000
0,0000

0
570,50
0,00
570,50
0



AZ-43-RPS Agadez Misrata
CHAZ43RPS
1

0
0,0000
0
0
0,0000
0
0
0,0000
0
0
41120040


0
0


0
0


250626



0

0,00
#CHRE
2
250626

0,00
0,00
1
0

#CHEN
1
7
1
1
F43000413
250626
RPS-AZ-TRIBUNE



41180043
AZ-43-RPS Agadez Misrata

1
0
0,000000
41180043
1
1
0






CHAZ43RPS
1
21
11
1
1
1
0
0,0000
0,0000
1
0
2
4118000
23:58:38



0


0
0,00
0
0
0,00
0
0,0000
0
0
0,0000
0
0
0,0000
0
0



0
0
0




#CHLI
RPS-AZ-TRIBUNE
GAS
GASOIL







0
618,0000
0,00
1245,04
1245,04

0,0000
0,0000

0
570,50
0,00
570,50
0



AZ-43-RPS Agadez Misrata
CHAZ43RPS
1

0
0,0000
0
0
0,0000
0
0
0,0000
0
0
41180043


0
0


0
0


250626



0

0,00
#CHLI
RPS-AZ-TRIBUNE
SUP
SUPER







0
499,0000
0,00
9922,00
9922,00

0,0000
0,0000

0
464,50
0,00
464,50
0



AZ-43-RPS Agadez Misrata
CHAZ43RPS
1

0
0,0000
0
0
0,0000
0
0
0,0000
0
0
41180043


0
0


0
0


250626



0

0,00
#CHRE
2
250626

0,00
0,00
1
0

#CHEN
1
7
1
1
F43000414
250626
RPS-AZ-TRIBUNE



41120026
AZ-43-RPS Agadez Misrata
Rimbo Transport
1
0
0,000000
41120026
1
1
0






CHAZ43RPS
1
21
11
1
1
1
0
0,0000
0,0000
1
0
2
4112000
23:59:32



0


0
0,00
0
0
0,00
0
0,0000
0
0
0,0000
0
0
0,0000
0
0



0
0
0




#CHLI
RPS-AZ-TRIBUNE
GAS
BM 1590RN







0
618,0000
0,00
350,00
350,00

0,0000
0,0000

0
570,50
0,00
570,50
0



AZ-43-RPS Agadez Misrata
CHAZ43RPS
1

0
0,0000
0
0
0,0000
0
0
0,0000
0
0
41120026


0
0


0
0


250626



0

0,00
#CHLI
RPS-AZ-TRIBUNE
GAS
BM1595RN







0
618,0000
0,00
500,00
500,00

0,0000
0,0000

0
570,50
0,00
570,50
0



AZ-43-RPS Agadez Misrata
CHAZ43RPS
1

0
0,0000
0
0
0,0000
0
0
0,0000
0
0
41120026


0
0


0
0


250626



0

0,00
#CHLI
RPS-AZ-TRIBUNE
GAS
BP 6267RN







0
618,0000
0,00
370,00
370,00

0,0000
0,0000

0
570,50
0,00
570,50
0



AZ-43-RPS Agadez Misrata
CHAZ43RPS
1

0
0,0000
0
0
0,0000
0
0
0,0000
0
0
41120026


0
0


0
0


250626



0

0,00
#CHLI
RPS-AZ-TRIBUNE
GAS
CG9143RN







0
618,0000
0,00
490,00
490,00

0,0000
0,0000

0
570,50
0,00
570,50
0



AZ-43-RPS Agadez Misrata
CHAZ43RPS
1

0
0,0000
0
0
0,0000
0
0
0,0000
0
0
41120026


0
0


0
0


250626



0

0,00
#CHLI
RPS-AZ-TRIBUNE
GAS
CA5433RN







0
618,0000
0,00
680,00
680,00

0,0000
0,0000

0
570,50
0,00
570,50
0



AZ-43-RPS Agadez Misrata
CHAZ43RPS
1

0
0,0000
0
0
0,0000
0
0
0,0000
0
0
41120026


0
0


0
0


250626



0

0,00
#CHLI
RPS-AZ-TRIBUNE
GAS
CA5436RN







0
618,0000
0,00
650,00
650,00

0,0000
0,0000

0
570,50
0,00
570,50
0



AZ-43-RPS Agadez Misrata
CHAZ43RPS
1

0
0,0000
0
0
0,0000
0
0
0,0000
0
0
41120026


0
0


0
0


250626



0

0,00
#CHLI
RPS-AZ-TRIBUNE
GAS
BF1250RN







0
618,0000
0,00
580,00
580,00

0,0000
0,0000

0
570,50
0,00
570,50
0



AZ-43-RPS Agadez Misrata
CHAZ43RPS
1

0
0,0000
0
0
0,0000
0
0
0,0000
0
0
41120026


0
0


0
0


250626



0

0,00
#CHLI
RPS-AZ-TRIBUNE
GAS
CA 5432RN







0
618,0000
0,00
700,00
700,00

0,0000
0,0000

0
570,50
0,00
570,50
0



AZ-43-RPS Agadez Misrata
CHAZ43RPS
1

0
0,0000
0
0
0,0000
0
0
0,0000
0
0
41120026


0
0


0
0


250626



0

0,00
#CHRE
2
250626

0,00
0,00
1
0

#CHEN
1
7
1
1
F45000002
250626
RPS Arlit



41180045
AZ-45-RPS Arlit
Clts CASH-RPS-Arlit
1
0
0,000000
41180045
1
1
0






CHAR45RPS
1
21
11
1
1
1
0
0,0000
0,0000
1
0
2
4118000
19:45:41



0


0
0
0
0
0
0
0,0000
0
0
0,0000
0
0
0,0000
0
0



0
0
0




#CHLI
RPS Arlit
GAS
GASOIL







0
618,0000
0,00
105,18
105,18

0,0000
0,0000

0
615,13
0
615,13
0



AZ-45-RPS Arlit
CHAR45RPS
1

0
0,0000
0
0
0,0000
0
0
0,0000
0
0
41180045


0
0


0
0


250626



0

0,00
#CHLI
RPS Arlit
SUP
SUPER







0
499,0000
0,00
2020,00
2020,00

0,0000
0,0000

0
488,93
0
488,93
0



AZ-45-RPS Arlit
CHAR45RPS
1

0
0,0000
0
0
0,0000
0
0
0,0000
0
0
41180045


0
0


0
0


250626



0

0,00
#CHRE
2
250626

0
0
1
0

#CHEN
1
7
1
1
F20000000
250626
RPS DIFFA



41180020
DI-20-RPS Diffa
Clts CASH-RPS-Diffa
1
0
0,000000
41180020
1
1
0






CHDI20RPS
1
21
11
1
1
1
0
0,0000
0,0000
1
0
2
4118000
19:52:17



0


0
0
0
0
0
0
0,0000
0
0
0,0000
0
0
0,0000
0
0



0
0
0




#CHLI
RPS DIFFA
GAS
GASOIL







0
618,0000
0,00
800,10
800,10

0,0000
0,0000

0
615,13
0
615,13
0



DI-20-RPS Diffa
CHDI20RPS
1

0
0,0000
0
0
0,0000
0
0
0,0000
0
0
41180020


0
0


0
0


250626



0

0,00
#CHLI
RPS DIFFA
SUP
SUPER







0
499,0000
0,00
6180,32
6180,32

0,0000
0,0000

0
488,93
0
488,93
0



DI-20-RPS Diffa
CHDI20RPS
1

0
0,0000
0
0
0,0000
0
0
0,0000
0
0
41180020


0
0


0
0


250626



0

0,00
#CHRE
2
250626

0
0
1
0

#CHEN
1
7
1
1
F20000001
250626
RPS DIFFA



41120026
DI-20-RPS Diffa
Rimbo Transport
1
0
0,000000
41120026
1
1
0






CHDI20RPS
1
21
11
1
1
1
0
0,0000
0,0000
1
0
2
4112000
19:53:14



0


0
0
0
0
0
0
0,0000
0
0
0,0000
0
0
0,0000
0
0



0
0
0




#CHLI
RPS DIFFA
GAS
0017709/CA-5437RN







0
618,0000
0,00
581,08
581,08

0,0000
0,0000

0
615,13
0
615,13
0



DI-20-RPS Diffa
CHDI20RPS
1

0
0,0000
0
0
0,0000
0
0
0,0000
0
0
41120026


0
0


0
0


250626



0

0,00
#CHLI
RPS DIFFA
GAS
0017710/CA-5434RN







0
618,0000
0,00
671,08
671,08

0,0000
0,0000

0
615,13
0
615,13
0



DI-20-RPS Diffa
CHDI20RPS
1

0
0,0000
0
0
0,0000
0
0
0,0000
0
0
41120026


0
0


0
0


250626



0

0,00
#CHLI
RPS DIFFA
GAS
0017711/CG-9131RN







0
618,0000
0,00
545,01
545,01

0,0000
0,0000

0
615,13
0
615,13
0



DI-20-RPS Diffa
CHDI20RPS
1

0
0,0000
0
0
0,0000
0
0
0,0000
0
0
41120026


0
0


0
0


250626



0

0,00
#CHLI
RPS DIFFA
GAS
0017712/BL-1244RN







0
618,0000
0,00
649,08
649,08

0,0000
0,0000

0
615,13
0
615,13
0



DI-20-RPS Diffa
CHDI20RPS
1

0
0,0000
0
0
0,0000
0
0
0,0000
0
0
41120026


0
0


0
0


250626



0

0,00
#CHLI
RPS DIFFA
GAS
0017713/CG-9130RN







0
618,0000
0,00
615,00
615,00

0,0000
0,0000

0
615,13
0
615,13
0



DI-20-RPS Diffa
CHDI20RPS
1

0
0,0000
0
0
0,0000
0
0
0,0000
0
0
41120026


0
0


0
0


250626



0

0,00
#CHRE
2
250626

0
0
1
0

#CHEN
1
7
1
1
F20000002
250626
RPS DIFFA



41110024
DI-20-RPS Diffa
EST Oudou Younoussa
1
0
0,000000
41110024
1
1
0






CHDI20RPS
1
21
11
1
1
1
0
0,0000
0,0000
1
0
2
4111000
19:55:11



0


0
0
0
0
0
0
0,0000
0
0
0,0000
0
0
0,0000
0
0



0
0
0




#CHLI
RPS DIFFA
GAS
0034787/AP-1598RN







0
618,0000
0,00
570,00
570,00

0,0000
0,0000

0
615,13
0
615,13
0



DI-20-RPS Diffa
CHDI20RPS
1

0
0,0000
0
0
0,0000
0
0
0,0000
0
0
41110024


0
0


0
0


250626



0

0,00
#CHLI
RPS DIFFA
GAS
0034788/AP-1603RN







0
618,0000
0,00
570,00
570,00

0,0000
0,0000

0
615,13
0
615,13
0



DI-20-RPS Diffa
CHDI20RPS
1

0
0,0000
0
0
0,0000
0
0
0,0000
0
0
41110024


0
0


0
0


250626



0

0,00
#CHLI
RPS DIFFA
GAS
0034749/BJ-8756RN







0
618,0000
0,00
570,00
570,00

0,0000
0,0000

0
615,13
0
615,13
0



DI-20-RPS Diffa
CHDI20RPS
1

0
0,0000
0
0
0,0000
0
0
0,0000
0
0
41110024


0
0


0
0


250626



0

0,00
#CHLI
RPS DIFFA
GAS
0034790/BC-6653RN







0
618,0000
0,00
570,00
570,00

0,0000
0,0000

0
615,13
0
615,13
0



DI-20-RPS Diffa
CHDI20RPS
1

0
0,0000
0
0
0,0000
0
0
0,0000
0
0
41110024


0
0


0
0


250626



0

0,00
#CHRE
2
250626

0
0
1
0

#CHEN
1
7
1
1
F20000003
250626
RPS DIFFA



41110017
DI-20-RPS Diffa
Aziz DIDI Sahara Tahoua
1
0
0,000000
41110017
1
1
0






CHDI20RPS
1
21
11
1
1
1
0
0,0000
0,0000
1
0
2
4111000
19:57:44



0


0
0
0
0
0
0
0,0000
0
0
0,0000
0
0
0,0000
0
0



0
0
0




#CHLI
RPS DIFFA
GAS
0034783/BG-0561RN







0
618,0000
0,00
200,00
200,00

0,0000
0,0000

0
615,13
0
615,13
0



DI-20-RPS Diffa
CHDI20RPS
1

0
0,0000
0
0
0,0000
0
0
0,0000
0
0
41110017


0
0


0
0


250626



0

0,00
#CHRE
2
250626

0
0
1
0

#CHEN
1
7
1
1
F01012374
250626
RPS GAYA 01



41180001
DO-01-RPS Gaya
Clts CASH-RPS-Gaya01
1
0
0,000000
41180001
1
1
0






CHDOG01RPS
1
21
11
1
1
1
0
0,0000
0,0000
1
0
2
4118000
08:57:21



0


0
0
0
0
0
0
0,0000
0
0
0,0000
0
0
0,0000
0
0



0
0
0




#CHLI
RPS GAYA 01
GAS
GASOIL







0
618,0000
0,00
2274,28
2274,28

0,0000
0,0000

0
494,00
0
494,00
0



DO-01-RPS Gaya
CHDOG01RPS
1

0
0,0000
0
0
0,0000
0
0
0,0000
0
0
41180001


0
0


0
0


250626



0

0,00
#CHLI
RPS GAYA 01
SUP
SUPER







0
499,0000
0,00
87,26
87,26

0,0000
0,0000

0
488,93
0
488,93
0



DO-01-RPS Gaya
CHDOG01RPS
1

0
0,0000
0
0
0,0000
0
0
0,0000
0
0
41180001


0
0


0
0


250626



0

0,00
#CHRE
2
250626

0
0
1
0

#CHEN
1
7
1
1
F02000019
250626
RPS AUTOGARE



41180002
DO-02-RPS Dosso

1
0
0,000000
41180002
1
1
0






CHDO02RPS
1
21
11
1
1
1
0
0,0000
0,0000
1
0
2
4118000
08:19:10



0


0
0
0
0
0
0
0,0000
0
0
0,0000
0
0
0,0000
0
0



0
0
0




#CHLI










0
0,0000
0,00
0,00
0,00

0,0000
0,0000

0
0,00
0
0,00
0





0

0
0,0000
0
0
0,0000
0
0
0,0000
0
0
41180002


0
0


0
0


250626



0

0,00
#CHLI
RPS AUTOGARE
GAS
GASOIL







0
618,0000
0,00
1328,15
1328,15

0,0000
0,0000

0
615,13
0
615,13
0



DO-02-RPS Dosso
CHDO02RPS
1

0
0,0000
0
0
0,0000
0
0
0,0000
0
0
41180002


0
0


0
0


250626



0

0,00
#CHLI
RPS AUTOGARE
SUP
SUPER







0
499,0000
0,00
5661,55
5661,55

0,0000
0,0000

0
488,93
0
488,93
0



DO-02-RPS Dosso
CHDO02RPS
1

0
0,0000
0
0
0,0000
0
0
0,0000
0
0
41180002


0
0


0
0


250626



0

0,00
#CHRE
2
250626

0
0
1
0

#CHEN
1
7
1
1
F02000020
250626
RPS AUTOGARE



41110024
DO-02-RPS Dosso
ETS Oudou Younoussa
1
0
0,000000
41110024
1
1
0






CHDO02RPS
1
21
11
1
1
1
0
0,0000
0,0000
1
0
2
4111000
08:20:57



0


0
0
0
0
0
0
0,0000
0
0
0,0000
0
0
0,0000
0
0



0
0
0




#CHLI
RPS AUTOGARE
GAS
HOUDOU-YOUNOUSSA/-/AP1836







0
618,0000
0,00
660,00
660,00

0,0000
0,0000

0
615,13
0
615,13
0



DO-02-RPS Dosso
CHDO02RPS
1

0
0,0000
0
0
0,0000
0
0
0,0000
0
0
41110024


0
0


0
0


250626



0

0,00
#CHLI
RPS AUTOGARE
GAS
HOUDOU-YOUNOUSSA/-/AP1362







0
618,0000
0,00
971,00
971,00

0,0000
0,0000

0
615,13
0
615,13
0



DO-02-RPS Dosso
CHDO02RPS
1

0
0,0000
0
0
0,0000
0
0
0,0000
0
0
41110024


0
0


0
0


250626



0

0,00
#CHLI
RPS AUTOGARE
GAS
HOUDOU-YOUNOUSSA/-/AP1629







0
618,0000
0,00
150,00
150,00

0,0000
0,0000

0
615,13
0
615,13
0



DO-02-RPS Dosso
CHDO02RPS
1

0
0,0000
0
0
0,0000
0
0
0,0000
0
0
41110024


0
0


0
0


250626



0

0,00
#CHLI
RPS AUTOGARE
GAS
HOUDOU-YOUNOUSSA/-/AP1599







0
618,0000
0,00
150,00
150,00

0,0000
0,0000

0
615,13
0
615,13
0



DO-02-RPS Dosso
CHDO02RPS
1

0
0,0000
0
0
0,0000
0
0
0,0000
0
0
41110024


0
0


0
0


250626



0

0,00
#CHLI
RPS AUTOGARE
GAS
HOUDOU-YOUNOUSSA/-/AC2057







0
618,0000
0,00
150,00
150,00

0,0000
0,0000

0
615,13
0
615,13
0



DO-02-RPS Dosso
CHDO02RPS
1

0
0,0000
0
0
0,0000
0
0
0,0000
0
0
41110024


0
0


0
0


250626



0

0,00
#CHLI
RPS AUTOGARE
GAS
HOUDOU-YOUNOUSSA/-/BJ8786







0
618,0000
0,00
150,00
150,00

0,0000
0,0000

0
615,13
0
615,13
0



DO-02-RPS Dosso
CHDO02RPS
1

0
0,0000
0
0
0,0000
0
0
0,0000
0
0
41110024


0
0


0
0


250626



0

0,00
#CHLI
RPS AUTOGARE
GAS
HOUDOU-YOUNOUSSA/-/BY1321







0
618,0000
0,00
150,00
150,00

0,0000
0,0000

0
615,13
0
615,13
0



DO-02-RPS Dosso
CHDO02RPS
1

0
0,0000
0
0
0,0000
0
0
0,0000
0
0
41110024


0
0


0
0


250626



0

0,00
#CHLI
RPS AUTOGARE
GAS
HOUDOU-YOUNOUSSA/-/BJ8089







0
618,0000
0,00
150,00
150,00

0,0000
0,0000

0
615,13
0
615,13
0



DO-02-RPS Dosso
CHDO02RPS
1

0
0,0000
0
0
0,0000
0
0
0,0000
0
0
41110024


0
0


0
0


250626



0

0,00
#CHLI
RPS AUTOGARE
GAS
HOUDOU-YOUNOUSSA/-/AP1496







0
618,0000
0,00
150,00
150,00

0,0000
0,0000

0
615,13
0
615,13
0



DO-02-RPS Dosso
CHDO02RPS
1

0
0,0000
0
0
0,0000
0
0
0,0000
0
0
41110024


0
0


0
0


250626



0

0,00
#CHRE
2
250626

0
0
1
0

#CHEN
1
7
1
1
F02000021
250626
RPS AUTOGARE



41110005
DO-02-RPS Dosso
Isheikh Hamma HAMI
1
0
0,000000
41110005
1
1
0






CHDO02RPS
1
21
11
1
1
1
0
0,0000
0,0000
1
0
2
4111000
08:25:29



0


0
0
0
0
0
0
0,0000
0
0
0,0000
0
0
0,0000
0
0



0
0
0




#CHLI
RPS AUTOGARE
GAS
Hamma HAMI/-/BN3237







0
618,0000
0,00
1300,00
1300,00

0,0000
0,0000

0
615,13
0
615,13
0



DO-02-RPS Dosso
CHDO02RPS
1

0
0,0000
0
0
0,0000
0
0
0,0000
0
0
41110005


0
0


0
0


250626



0

0,00
#CHRE
2
250626

0
0
1
0

#CHEN
1
7
1
1
F02000022
250626
RPS AUTOGARE



41120050
DO-02-RPS Dosso
SSN
1
0
0,000000
41120050
1
1
0






CHDO02RPS
1
21
11
1
1
1
0
0,0000
0,0000
1
0
2
4112000
08:26:15



0


0
0
0
0
0
0
0,0000
0
0
0,0000
0
0
0,0000
0
0



0
0
0




#CHLI
RPS AUTOGARE
GAS
CARTE SSN/-/AVENIR/-/2024071600694342/-/BQ1012







0
618,0000
0,00
91,98
91,98

0,0000
0,0000

0
615,13
0
615,13
0



DO-02-RPS Dosso
CHDO02RPS
1

0
0,0000
0
0
0,0000
0
0
0,0000
0
0
41120050


0
0


0
0


250626



0

0,00
#CHLI
RPS AUTOGARE
GAS
CARTE SSN/-/AVENIR/-/2024071600694342/-/EP0741







0
618,0000
0,00
359,23
359,23

0,0000
0,0000

0
615,13
0
615,13
0



DO-02-RPS Dosso
CHDO02RPS
1

0
0,0000
0
0
0,0000
0
0
0,0000
0
0
41120050


0
0


0
0


250626



0

0,00
#CHLI
RPS AUTOGARE
SUP
CARTE SSN/-/AVENIR/-/2024071600694342/-/AY2962







0
499,0000
0,00
2,00
2,00

0,0000
0,0000

0
488,93
0
488,93
0



DO-02-RPS Dosso
CHDO02RPS
1

0
0,0000
0
0
0,0000
0
0
0,0000
0
0
41120050


0
0


0
0


250626



0

0,00
#CHRE
2
250626

0
0
1
0

#CHEN
1
7
1
1
F02000023
250626
RPS AUTOGARE



41120024
DO-02-RPS Dosso
EMA-Transport
1
0
0,000000
41120024
1
1
0






CHDO02RPS
1
21
11
1
1
1
0
0,0000
0,0000
1
0
2
4112000
08:27:43



0


0
0
0
0
0
0
0,0000
0
0
0,0000
0
0
0,0000
0
0



0
0
0




#CHLI
RPS AUTOGARE
GAS
EMA-TRANSPORT/-/BQ3308







0
618,0000
0,00
50,00
50,00

0,0000
0,0000

0
615,12
0
615,12
0



DO-02-RPS Dosso
CHDO02RPS
1

0
0,0000
0
0
0,0000
0
0
0,0000
0
0
41120024


0
0


0
0


250626



0

0,00
#CHRE
2
250626

0
0
1
0

#CHEN
1
7
1
1
F05000844
250626
RPS DOUTCHI



41180005
DO-05-RPS Doutchi
Clts CASH-RPS-Doutchi
1
0
0,000000
41180005
1
1
0







1
21
11
1
1
1
0
0,0000
0,0000
1
0
2
4118000
08:57:35



0


0
0
0
0
0
0
0,0000
0
0
0,0000
0
0
0,0000
0
0



0
0
0




#CHLI
RPS DOUTCHI
SUP
SUPER







0
499,0000
0,00
1612,00
1612,00

0,0000
0,0000

0
488,93
0
488,93
0



DO-05-RPS Doutchi

1

0
0,0000
0
0
0,0000
0
0
0,0000
0
0
41180005


0
0


0
0


250626



0

0,00
#CHRE
2
250626

0
0
1
0

#CHEN
1
7
1
1
F05000839
250626
RPS DOUTCHI



41180005
DO-05-RPS Doutchi
Clts CASH-RPS-Doutchi
1
0
0,000000
41180005
1
1
0







1
21
11
1
1
1
0
0,0000
0,0000
1
0
2
4118000
22:30:33



0


0
0
0
0
0
0
0,0000
0
0
0,0000
0
0
0,0000
0
0



0
0
0




#CHLI
RPS DOUTCHI
GAS
GASOIL







1
618,00
0,00
481,52
481,52

0,0000
0,0000

0
618,00
0
618,00
0



DO-05-RPS Doutchi

1

0
0,0000
0
0
0,0000
0
0
0,0000
0
0
41180005


0
0


0
0


250626



0

0,00
#CHRE
2
250626

0
0
1
0

#CHEN
1
7
1
1
F05000840
250626
RPS DOUTCHI



41110005
DO-05-RPS Doutchi
Isheikh Hamma HAMI
1
0
0,000000
41110005
1
1
0







1
21
11
1
1
1
0
0,0000
0,0000
1
0
2
4111000
22:31:03



0


0
0
0
0
0
0
0,0000
0
0
0,0000
0
0
0,0000
0
0



0
0
0




#CHLI
RPS DOUTCHI
GAS
BN3837RN







1
618,00
0,00
1300,00
1300,00

0,0000
0,0000

0
618,50
0
618,50
0



DO-05-RPS Doutchi

1

0
0,0000
0
0
0,0000
0
0
0,0000
0
0
41110005


0
0


0
0


250626



0

0,00
#CHLI
RPS DOUTCHI
GAS
BN1341RN







1
618,00
0,00
850,00
850,00

0,0000
0,0000

0
618,50
0
618,50
0



DO-05-RPS Doutchi

1

0
0,0000
0
0
0,0000
0
0
0,0000
0
0
41110005


0
0


0
0


250626



0

0,00
#CHLI
RPS DOUTCHI
GAS
BA8854RN







1
618,00
0,00
785,29
785,29

0,0000
0,0000

0
618,50
0
618,50
0



DO-05-RPS Doutchi

1

0
0,0000
0
0
0,0000
0
0
0,0000
0
0
41110005


0
0


0
0


250626



0

0,00
#CHRE
2
250626

0
0
1
0

#CHEN
1
7
1
1
F05000841
250626
RPS DOUTCHI



41110024
DO-05-RPS Doutchi
ETS Oudou Younoussa
1
0
0,000000
41110024
1
1
0







1
21
11
1
1
1
0
0,0000
0,0000
1
0
2
4111000
22:32:53



0


0
0
0
0
0
0
0,0000
0
0
0,0000
0
0
0,0000
0
0



0
0
0




#CHLI
RPS DOUTCHI
GAS
BV7759RN







1
618,00
0,00
771,00
771,00

0,0000
0,0000

0
618,49
0
618,49
0



DO-05-RPS Doutchi

1

0
0,0000
0
0
0,0000
0
0
0,0000
0
0
41110024


0
0


0
0


250626



0

0,00
#CHLI
RPS DOUTCHI
GAS
BC5748NY







1
618,00
0,00
771,00
771,00

0,0000
0,0000

0
618,00
0
618,00
0



DO-05-RPS Doutchi

1

0
0,0000
0
0
0,0000
0
0
0,0000
0
0
41110024


0
0


0
0


250626



0

0,00
#CHLI
RPS DOUTCHI
GAS
BJ8093RN







1
618,00
0,00
500,00
500,00

0,0000
0,0000

0
618,00
0
618,00
0



DO-05-RPS Doutchi

1

0
0,0000
0
0
0,0000
0
0
0,0000
0
0
41110024


0
0


0
0


250626



0

0,00
#CHRE
2
250626

0
0
1
0

#CHEN
1
7
1
1
F05000842
250626
RPS DOUTCHI



41120026
DO-05-RPS Doutchi
Rimbo Transport
1
0
0,000000
41120026
1
1
0







1
21
11
1
1
1
0
0,0000
0,0000
1
0
2
4112000
22:40:20



0


0
0
0
0
0
0
0,0000
0
0
0,0000
0
0
0,0000
0
0



0
0
0




#CHLI
RPS DOUTCHI
GAS
BM1598RN







1
618,00
0,00
300,00
300,00

0,0000
0,0000

0
618,00
0
618,00
0



DO-05-RPS Doutchi

1

0
0,0000
0
0
0,0000
0
0
0,0000
0
0
41120026


0
0


0
0


250626



0

0,00
#CHRE
2
250626

0
0
1
0

#CHEN
1
7
1
1
F05000843
250626
RPS DOUTCHI



41140001
DO-05-RPS Doutchi
Mairie-Doutchi
1
0
0,000000
41140001
1
1
0







1
21
11
1
1
1
0
0,0000
0,0000
1
0
2
4114000
22:41:09



0


0
0
0
0
0
0
0,0000
0
0
0,0000
0
0
0,0000
0
0



0
0
0




#CHLI
RPS DOUTCHI
GAS
TRACTEUR MAIRIE







1
618,00
0,00
30,00
30,00

0,0000
0,0000

0
618,00
0
618,00
0



DO-05-RPS Doutchi

1

0
0,0000
0
0
0,0000
0
0
0,0000
0
0
41140001


0
0


0
0


250626



0

0,00
#CHRE
2
250626

0
0
1
0

#CHEN
1
7
1
1
F35000003
250626
RPS Gaya 03



41180035
DO-35-RPS Gaya 03
Clts CASH-RPS Gaya 03
1
0
0,000000
41180035
1
1
0







1
21
11
1
1
1
0
0,0000
0,0000
1
0
2
4118000
06:11:46



0


0
0
0
0
0
0
0,0000
0
0
0,0000
0
0
0,0000
0
0



0
0
0




#CHLI
RPS Gaya 03
GAS
GASOIL







0
618,0000
0,00
923,66
923,66

0,0000
0,0000

0
615,00
0
615,00
0



DO-35-RPS Gaya 03

1

0
0,0000
0
0
0,0000
0
0
0,0000
0
0
41180035


0
0


0
0


250626



0

0,00
#CHLI
RPS Gaya 03
SUP
SUPER







0
499,0000
0,00
2577,01
2577,01

0,0000
0,0000

0
488,93
0
488,93
0



DO-35-RPS Gaya 03

1

0
0,0000
0
0
0,0000
0
0
0,0000
0
0
41180035


0
0


0
0


250626



0

0,00
#CHRE
2
250626

0
0
1
0

#CHEN
1
7
1
1
F36000023
250626
RPS Tandobon



41180036
DO-36-RPS Tandobon
Clts CASH-RPS-Tandobon
1
0
0,000000
41180036
1
1
0






CHDO36RPS
1
21
11
1
1
1
0
0,0000
0,0000
1
0
2
4118000
07:52:58



0


0
0,00
0
0
0,00
0
0,0000
0
0
0,0000
0
0
0,0000
0
0



0
0
0




#CHLI
RPS TONDOBON
GAS
GASOIL







0
618,0000
0,00
635,03
635,03

0,0000
0,0000

0
615,13
0,00
615,13
0



DO-36-RPS Tandobon
CHDO36RPS
1

0
0,0000
0
0
0,0000
0
0
0,0000
0
0
41180036


0
0


0
0


250626



0

0,00
#CHLI
RPS TONDOBON
SUP
SUPER







0
499,0000
0,00
9140,18
9140,18

0,0000
0,0000

0
488,93
0,00
488,93
0



DO-36-RPS Tandobon
CHDO36RPS
1

0
0,0000
0
0
0,0000
0
0
0,0000
0
0
41180036


0
0


0
0


250626



0

0,00
#CHRE
2
250626

0,00
0,00
1
0

#CHEN
1
7
1
1
F36000024
250626
RPS Tandobon



41110005
DO-36-RPS Tandobon
Isheikh Hamma HAMI
1
0
0,000000
41110005
1
1
0






CHDO36RPS
1
21
11
1
1
1
0
0,0000
0,0000
1
0
2
4111000
07:56:54



0


0
0,00
0
0
0,00
0
0,0000
0
0
0,0000
0
0
0,0000
0
0



0
0
0




#CHLI
RPS TONDOBON
GAS
HAMMA HAMID / BN 3872







0
618,0000
0,00
1250,00
1250,00

0,0000
0,0000

0
615,13
0,00
615,13
0



DO-36-RPS Tandobon
CHDO36RPS
1

0
0,0000
0
0
0,0000
0
0
0,0000
0
0
41110005


0
0


0
0


250626



0

0,00
#CHRE
2
250626

0,00
0,00
1
0

#CHEN
1
7
1
1
F36000025
250626
RPS Tandobon



41110024
DO-36-RPS Tandobon
ETS Oudou Younoussa
1
0
0,000000
41110024
1
1
0






CHDO36RPS
1
21
11
1
1
1
0
0,0000
0,0000
1
0
2
4111000
07:58:36



0


0
0,00
0
0
0,00
0
0,0000
0
0
0,0000
0
0
0,0000
0
0



0
0
0




#CHLI
RPS TONDOBON
GAS
HOUDOU YOUNOUSSA / BJ 8097







0
618,0000
0,00
150,00
150,00

0,0000
0,0000

0
615,13
0,00
615,13
0



DO-36-RPS Tandobon
CHDO36RPS
1

0
0,0000
0
0
0,0000
0
0
0,0000
0
0
41110024


0
0


0
0


250626



0

0,00
#CHLI
RPS TONDOBON
GAS
HOUDOU YOUNOUSSA / BC 2703







0
618,0000
0,00
150,00
150,00

0,0000
0,0000

0
615,13
0,00
615,13
0



DO-36-RPS Tandobon
CHDO36RPS
1

0
0,0000
0
0
0,0000
0
0
0,0000
0
0
41110024


0
0


0
0


250626



0

0,00
#CHRE
2
250626

0,00
0,00
1
0

#CHEN
1
7
1
1
F36000026
250626
RPS Tandobon



41120026
DO-36-RPS Tandobon
Rimbo Transport
1
0
0,000000
41120026
1
1
0






CHDO36RPS
1
21
11
1
1
1
0
0,0000
0,0000
1
0
2
4112000
08:00:28



0


0
0,00
0
0
0,00
0
0,0000
0
0
0,0000
0
0
0,0000
0
0



0
0
0




#CHLI
RPS TONDOBON
GAS
RIMBO TRANSPORT / 38020/ BA 4170







0
618,0000
0,00
200,00
200,00

0,0000
0,0000

0
615,13
0,00
615,13
0



DO-36-RPS Tandobon
CHDO36RPS
1

0
0,0000
0
0
0,0000
0
0
0,0000
0
0
41120026


0
0


0
0


250626



0

0,00
#CHLI
RPS TONDOBON
GAS
RIMBO TRANSPORT / N* 38019/ BF 1249







0
618,0000
0,00
581,18
581,18

0,0000
0,0000

0
615,13
0,00
615,13
0



DO-36-RPS Tandobon
CHDO36RPS
1

0
0,0000
0
0
0,0000
0
0
0,0000
0
0
41120026


0
0


0
0


250626



0

0,00
#CHRE
2
250626

0,00
0,00
1
0

#CHEN
1
7
1
1
F04000005
250626
RPS04TESSAOUA



41180004
MI-04-RPS Tessaoua
Clts CASH-RPS-Tessaoua
1
0
0,000000
41180004
1
1
0







1
21
11
1
1
1
0
0,0000
0,0000
1
0
2
4118000
07:54:53



0


0
0
0
0
0
0
0,0000
0
0
0,0000
0
0
0,0000
0
0



0
0
0




#CHLI
RPS04TESSAOUA
GAS
GASOIL







0
618,0000
0,00
400,06
400,06

0,0000
0,0000

0
0,00
0
0,00
0



MI-04-RPS Tessaoua

1

0
0,0000
0
0
0,0000
0
0
0,0000
0
0
41180004


0
0


0
0


250626



0

0,00
#CHRE
2
250626

0
0
1
0

#CHEN
1
7
1
1
F04000006
250626
RPS04TESSAOUA



41120042
MI-04-RPS Tessaoua
ZAMANI TELECOM
1
0
0,000000
41120042
1
1
0







1
21
11
1
1
1
0
0,0000
0,0000
1
0
2
4112000
07:55:31



0


0
0
0
0
0
0
0,0000
0
0
0,0000
0
0
0,0000
0
0



0
0
0




#CHLI
RPS04TESSAOUA
GAS
BIDON







0
618,0000
0,00
600,00
600,00

0,0000
0,0000

0
0,00
0
0,00
0



MI-04-RPS Tessaoua

1

0
0,0000
0
0
0,0000
0
0
0,0000
0
0
41120042


0
0


0
0


250626



0

0,00
#CHRE
2
250626

0
0
1
0

#CHEN
1
7
1
1
F12000024
250626
RPSMARADI12



41180012
MI-12-RPS Maradi
Clts CASH-RPS-Maradi
1
0
0,000000
41180012
1
1
0






CHMI12RPS
1
21
11
1
1
1
0
0,0000
0,0000
1
0
2
4118000
08:08:41



0


0
0
0
0
0
0
0,0000
0
0
0,0000
0
0
0,0000
0
0



0
0
0




#CHLI
RPSMARADI12
GAS
GASOIL







0
618,0000
0,00
933,99
933,99

0,0000
0,0000

0
494,00
0
494,00
0



MI-12-RPS Maradi
CHMI12RPS
1

0
0,0000
0
0
0,0000
0
0
0,0000
0
0
41180012


0
0


0
0


250626



0

0,00
#CHLI
RPSMARADI12
SUP
SUPER







0
499,0000
0,00
5207,00
5207,00

0,0000
0,0000

0
488,93
0
488,93
0



MI-12-RPS Maradi
CHMI12RPS
1

0
0,0000
0
0
0,0000
0
0
0,0000
0
0
41180012


0
0


0
0


250626



0

0,00
#CHRE
2
250626

0
0
1
0

#CHEN
1
7
1
1
F12000025
250626
RPSMARADI12



41120025
MI-12-RPS Maradi
Techni Consult
1
0
0,000000
41120025
1
1
0






CHMI12RPS
1
21
11
1
1
1
0
0,0000
0,0000
1
0
2
4112000
08:09:30



0


0
0
0
0
0
0
0,0000
0
0
0,0000
0
0
0,0000
0
0



0
0
0




#CHLI
RPSMARADI12
GAS
BF 5476 RN







0
618,0000
0,00
74,25
74,25

0,0000
0,0000

0
494,00
0
494,00
0



MI-12-RPS Maradi
CHMI12RPS
1

0
0,0000
0
0
0,0000
0
0
0,0000
0
0
41120025


0
0


0
0


250626



0

0,00
#CHRE
2
250626

0
0
1
0

#CHEN
1
7
1
1
F12000026
250626
RPSMARADI12



41120043
MI-12-RPS Maradi
SOTCO COURSE
1
0
0,000000
41120043
1
1
0






CHMI12RPS
1
21
11
1
1
1
0
0,0000
0,0000
1
0
2
4112000
08:10:03



0


0
0
0
0
0
0
0,0000
0
0
0,0000
0
0
0,0000
0
0



0
0
0




#CHLI
RPSMARADI12
GAS
CG 7846 RN







0
618,0000
0,00
50,00
50,00

0,0000
0,0000

0
494,00
0
494,00
0



MI-12-RPS Maradi
CHMI12RPS
1

0
0,0000
0
0
0,0000
0
0
0,0000
0
0
41120043


0
0


0
0


250626



0

0,00
#CHRE
2
250626

0
0
1
0

#CHEN
1
7
1
1
F12000027
250626
RPSMARADI12



41110050
MI-12-RPS Maradi
Assadek Bouzou
1
0
0,000000
41110050
1
1
0






CHMI12RPS
1
21
11
1
1
1
0
0,0000
0,0000
1
0
2
4111000
08:10:33



0


0
0
0
0
0
0
0,0000
0
0
0,0000
0
0
0,0000
0
0



0
0
0




#CHLI
RPSMARADI12
GAS
BN 9823 RN







0
618,0000
0,00
500,00
500,00

0,0000
0,0000

0
494,00
0
494,00
0



MI-12-RPS Maradi
CHMI12RPS
1

0
0,0000
0
0
0,0000
0
0
0,0000
0
0
41110050


0
0


0
0


250626



0

0,00
#CHRE
2
250626

0
0
1
0

#CHEN
1
7
1
1
F12000028
250626
RPSMARADI12



41120050
MI-12-RPS Maradi
SSN
1
0
0,000000
41120050
1
1
0






CHMI12RPS
1
21
11
1
1
1
0
0,0000
0,0000
1
0
2
4112000
08:11:03



0


0
0
0
0
0
0
0,0000
0
0
0,0000
0
0
0,0000
0
0



0
0
0




#CHLI
RPSMARADI12
GAS
BF 5695 RN







0
618,0000
0,00
77,37
77,37

0,0000
0,0000

0
494,00
0
494,00
0



MI-12-RPS Maradi
CHMI12RPS
1

0
0,0000
0
0
0,0000
0
0
0,0000
0
0
41120050


0
0


0
0


250626



0

0,00
#CHLI
RPSMARADI12
GAS
AV 9527 RN







0
618,0000
0,00
94,29
94,29

0,0000
0,0000

0
494,00
0
494,00
0



MI-12-RPS Maradi
CHMI12RPS
1

0
0,0000
0
0
0,0000
0
0
0,0000
0
0
41120050


0
0


0
0


250626



0

0,00
#CHLI
RPSMARADI12
GAS
TT 01408 RN







0
618,0000
0,00
100,00
100,00

0,0000
0,0000

0
494,00
0
494,00
0



MI-12-RPS Maradi
CHMI12RPS
1

0
0,0000
0
0
0,0000
0
0
0,0000
0
0
41120050


0
0


0
0


250626



0

0,00
#CHLI
RPSMARADI12
GAS
BC 6847 RN







0
618,0000
0,00
87,33
87,33

0,0000
0,0000

0
494,00
0
494,00
0



MI-12-RPS Maradi
CHMI12RPS
1

0
0,0000
0
0
0,0000
0
0
0,0000
0
0
41120050


0
0


0
0


250626



0

0,00
#CHLI
RPSMARADI12
GAS
CG 5721 RN







0
618,0000
0,00
95,32
95,32

0,0000
0,0000

0
494,00
0
494,00
0



MI-12-RPS Maradi
CHMI12RPS
1

0
0,0000
0
0
0,0000
0
0
0,0000
0
0
41120050


0
0


0
0


250626



0

0,00
#CHRE
2
250626

0
0
1
0

#CHEN
1
7
1
1
F12000029
250626
RPSMARADI12



41110075
MI-12-RPS Maradi
SINOMA CARGO
1
0
0,000000
41110075
1
1
0






CHMI12RPS
1
21
11
1
1
1
0
0,0000
0,0000
1
0
2
4111000
08:12:23



0


0
0
0
0
0
0
0,0000
0
0
0,0000
0
0
0,0000
0
0



0
0
0




#CHLI
RPSMARADI12
GAS
T 49







0
618,0000
0,00
308,00
308,00

0,0000
0,0000

0
494,00
0
494,00
0



MI-12-RPS Maradi
CHMI12RPS
1

0
0,0000
0
0
0,0000
0
0
0,0000
0
0
41110075


0
0


0
0


250626



0

0,00
#CHLI
RPSMARADI12
GAS
T 50







0
618,0000
0,00
308,00
308,00

0,0000
0,0000

0
494,00
0
494,00
0



MI-12-RPS Maradi
CHMI12RPS
1

0
0,0000
0
0
0,0000
0
0
0,0000
0
0
41110075


0
0


0
0


250626



0

0,00
#CHLI
RPSMARADI12
GAS
T 51







0
618,0000
0,00
308,00
308,00

0,0000
0,0000

0
494,00
0
494,00
0



MI-12-RPS Maradi
CHMI12RPS
1

0
0,0000
0
0
0,0000
0
0
0,0000
0
0
41110075


0
0


0
0


250626



0

0,00
#CHLI
RPSMARADI12
GAS
T 40







0
618,0000
0,00
290,00
290,00

0,0000
0,0000

0
494,00
0
494,00
0



MI-12-RPS Maradi
CHMI12RPS
1

0
0,0000
0
0
0,0000
0
0
0,0000
0
0
41110075


0
0


0
0


250626



0

0,00
#CHLI
RPSMARADI12
GAS
T 48







0
618,0000
0,00
308,00
308,00

0,0000
0,0000

0
494,00
0
494,00
0



MI-12-RPS Maradi
CHMI12RPS
1

0
0,0000
0
0
0,0000
0
0
0,0000
0
0
41110075


0
0


0
0


250626



0

0,00
#CHLI
RPSMARADI12
GAS
T 46







0
618,0000
0,00
406,00
406,00

0,0000
0,0000

0
494,00
0
494,00
0



MI-12-RPS Maradi
CHMI12RPS
1

0
0,0000
0
0
0,0000
0
0
0,0000
0
0
41110075


0
0


0
0


250626



0

0,00
#CHLI
RPSMARADI12
GAS
T 54







0
618,0000
0,00
520,00
520,00

0,0000
0,0000

0
494,00
0
494,00
0



MI-12-RPS Maradi
CHMI12RPS
1

0
0,0000
0
0
0,0000
0
0
0,0000
0
0
41110075


0
0


0
0


250626



0

0,00
#CHLI
RPSMARADI12
GAS
T 98







0
618,0000
0,00
314,00
314,00

0,0000
0,0000

0
494,00
0
494,00
0



MI-12-RPS Maradi
CHMI12RPS
1

0
0,0000
0
0
0,0000
0
0
0,0000
0
0
41110075


0
0


0
0


250626



0

0,00
#CHLI
RPSMARADI12
GAS
T 53







0
618,0000
0,00
308,00
308,00

0,0000
0,0000

0
494,00
0
494,00
0



MI-12-RPS Maradi
CHMI12RPS
1

0
0,0000
0
0
0,0000
0
0
0,0000
0
0
41110075


0
0


0
0


250626



0

0,00
#CHLI
RPSMARADI12
GAS
T 38







0
618,0000
0,00
450,00
450,00

0,0000
0,0000

0
494,00
0
494,00
0



MI-12-RPS Maradi
CHMI12RPS
1

0
0,0000
0
0
0,0000
0
0
0,0000
0
0
41110075


0
0


0
0


250626



0

0,00
#CHLI
RPSMARADI12
GAS
T 97







0
618,0000
0,00
314,00
314,00

0,0000
0,0000

0
494,00
0
494,00
0



MI-12-RPS Maradi
CHMI12RPS
1

0
0,0000
0
0
0,0000
0
0
0,0000
0
0
41110075


0
0


0
0


250626



0

0,00
#CHLI
RPSMARADI12
GAS
T 99







0
618,0000
0,00
314,00
314,00

0,0000
0,0000

0
494,00
0
494,00
0



MI-12-RPS Maradi
CHMI12RPS
1

0
0,0000
0
0
0,0000
0
0
0,0000
0
0
41110075


0
0


0
0


250626



0

0,00
#CHLI
RPSMARADI12
GAS
T 95







0
618,0000
0,00
314,00
314,00

0,0000
0,0000

0
494,00
0
494,00
0



MI-12-RPS Maradi
CHMI12RPS
1

0
0,0000
0
0
0,0000
0
0
0,0000
0
0
41110075


0
0


0
0


250626



0

0,00
#CHLI
RPSMARADI12
GAS
T 55







0
618,0000
0,00
308,00
308,00

0,0000
0,0000

0
494,00
0
494,00
0



MI-12-RPS Maradi
CHMI12RPS
1

0
0,0000
0
0
0,0000
0
0
0,0000
0
0
41110075


0
0


0
0


250626



0

0,00
#CHLI
RPSMARADI12
GAS
T 93







0
618,0000
0,00
314,00
314,00

0,0000
0,0000

0
494,00
0
494,00
0



MI-12-RPS Maradi
CHMI12RPS
1

0
0,0000
0
0
0,0000
0
0
0,0000
0
0
41110075


0
0


0
0


250626



0

0,00
#CHRE
2
250626

0
0
1
0

#CHEN
1
7
1
1
F46000005
250626
RPSG-ROUMDJI



41180046
MI-46-RPS Guidan Roumdji
Clts CASH-RPS-Guidan Roumdji
1
0
0,000000
41180046
1
1
0






CHMI46RPS
1
21
11
1
1
1
0
0,0000
0,0000
1
0
2
4118000
07:18:57



0


0
0
0
0
0
0
0,0000
0
0
0,0000
0
0
0,0000
0
0



0
0
0




#CHLI
RPSG-ROUMDJI
GAS
GASOIL







0
618,0000
0,00
1,64
1,64

0,0000
0,0000

0
606,18
0
606,18
0



MI-46-RPS Guidan Roumdji
CHMI46RPS
1

0
0,0000
0
0
0,0000
0
0
0,0000
0
0
41180046


0
0


0
0


250626



0

0,00
#CHLI
RPSG-ROUMDJI
SUP
SUPER







0
499,0000
0,00
12059,62
12059,62

0,0000
0,0000

0
488,33
0
488,33
0



MI-46-RPS Guidan Roumdji
CHMI46RPS
1

0
0,0000
0
0
0,0000
0
0
0,0000
0
0
41180046


0
0


0
0


250626



0

0,00
#CHRE
2
250626

0
0
1
0

#CHEN
1
7
1
1
F46000006
250626
RPSG-ROUMDJI



41120044
MI-46-RPS Guidan Roumdji
SCI Guidan Roumdi
1
0
0,000000
41120044
1
1
0






CHMI46RPS
1
21
11
1
1
1
0
0,0000
0,0000
1
0
2
4112000
07:19:53



0


0
0
0
0
0
0
0,0000
0
0
0,0000
0
0
0,0000
0
0



0
0
0




#CHLI
RPSG-ROUMDJI
GAS
4A 0260 RN







0
618,0000
0,00
50,00
50,00

0,0000
0,0000

0
606,18
0
606,18
0



MI-46-RPS Guidan Roumdji
CHMI46RPS
1

0
0,0000
0
0
0,0000
0
0
0,0000
0
0
41120044


0
0


0
0


250626



0

0,00
#CHLI
RPSG-ROUMDJI
GAS
4A 0217 RN







0
618,0000
0,00
40,00
40,00

0,0000
0,0000

0
606,18
0
606,18
0



MI-46-RPS Guidan Roumdji
CHMI46RPS
1

0
0,0000
0
0
0,0000
0
0
0,0000
0
0
41120044


0
0


0
0


250626



0

0,00
#CHLI
RPSG-ROUMDJI
GAS
ADM 05874 RN







0
618,0000
0,00
50,00
50,00

0,0000
0,0000

0
606,18
0
606,18
0



MI-46-RPS Guidan Roumdji
CHMI46RPS
1

0
0,0000
0
0
0,0000
0
0
0,0000
0
0
41120044


0
0


0
0


250626



0

0,00
#CHLI
RPSG-ROUMDJI
SUP
4A 0209 RN







0
499,0000
0,00
30,00
30,00

0,0000
0,0000

0
488,33
0
488,33
0



MI-46-RPS Guidan Roumdji
CHMI46RPS
1

0
0,0000
0
0
0,0000
0
0
0,0000
0
0
41120044


0
0


0
0


250626



0

0,00
#CHLI
RPSG-ROUMDJI
SUP
4A 0266 RN







0
499,0000
0,00
30,00
30,00

0,0000
0,0000

0
488,33
0
488,33
0



MI-46-RPS Guidan Roumdji
CHMI46RPS
1

0
0,0000
0
0
0,0000
0
0
0,0000
0
0
41120044


0
0


0
0


250626



0

0,00
#CHLI
RPSG-ROUMDJI
SUP
CE 6161 RN







0
499,0000
0,00
40,08
40,08

0,0000
0,0000

0
488,33
0
488,33
0



MI-46-RPS Guidan Roumdji
CHMI46RPS
1

0
0,0000
0
0
0,0000
0
0
0,0000
0
0
41120044


0
0


0
0


250626



0

0,00
#CHRE
2
250626

0
0
1
0

#CHEN
1
7
1
1
F46000007
250626
RPSG-ROUMDJI



41120050
MI-46-RPS Guidan Roumdji
SSN
1
0
0,000000
41120050
1
1
0






CHMI46RPS
1
21
11
1
1
1
0
0,0000
0,0000
1
0
2
4112000
07:21:18



0


0
0
0
0
0
0
0,0000
0
0
0,0000
0
0
0,0000
0
0



0
0
0




#CHLI
RPSG-ROUMDJI
GAS
BA 4295 RN







0
618,0000
0,00
11,02
11,02

0,0000
0,0000

0
606,17
0
606,17
0



MI-46-RPS Guidan Roumdji
CHMI46RPS
1

0
0,0000
0
0
0,0000
0
0
0,0000
0
0
41120050


0
0


0
0


250626



0

0,00
#CHRE
2
250626

0
0
1
0

#CHEN
1
7
1
1
F4704
250626
RPS MAYAHI



41180047
MI-47-RPS Mayahi

1
0
0,000000
41180047
1
1
0







1
21
11
1
1
1
0
0,0000
0,0000
1
0
2
4118000
07:17:29



0


0
0
0
0
0
0
0,0000
0
0
0,0000
0
0
0,0000
0
0



0
0
0




#CHLI
RPS MAYAHI
GAS
GASOIL







0
618,0000
0,00
1824,41
1824,41

0,0000
0,0000

0
570,50
0
570,50
0



MI-47-RPS Mayahi

1

0
0,0000
0
0
0,0000
0
0
0,0000
0
0
41180047


0
0


0
0


250626



0

0,00
#CHLI
RPS MAYAHI
SUP
SUPER







0
499,0000
0,00
162,74
162,74

0,0000
0,0000

0
464,50
0
464,50
0



MI-47-RPS Mayahi

1

0
0,0000
0
0
0,0000
0
0
0,0000
0
0
41180047


0
0


0
0


250626



0

0,00
#CHRE
2
250626

0
0
1
0

#CHEN
1
7
1
1
F4705
250626
RPS MAYAHI



41129005
MI-47-RPS Mayahi
BACOREX TELECOM
1
0
0,000000
41129005
1
1
0







1
21
11
1
1
1
0
0,0000
0,0000
1
0
2
4112000
07:18:34



0


0
0
0
0
0
0
0,0000
0
0
0,0000
0
0
0,0000
0
0



0
0
0




#CHLI
RPS MAYAHI
GAS
BNø57176/BQ6538







0
618,0000
0,00
700,00
700,00

0,0000
0,0000

0
570,50
0
570,50
0



MI-47-RPS Mayahi

1

0
0,0000
0
0
0,0000
0
0
0,0000
0
0
41129005


0
0


0
0


250626



0

0,00
#CHRE
2
250626

0
0
1
0

#CHEN
1
7
1
1
F08TS0001
250626
RPS Direction



41180008
NY-08-RPS Direction
Clts CASH-RPS-Direction
1
0
0,000000
41180008
1
1
0






CHNY08RPS
1
21
11
1
1
1
0
0,0000
0,0000
1
0
2
4118000
07:36:57



0


0
0,00
0
0
0,00
0
0,0000
0
0
0,0000
0
0
0,0000
0
0



0
0
0




#CHLI
RPS Direction
GAS
GASOIL







0
618,0000
0,00
360,73
360,73

0,0000
0,0000

0
570,50
0,00
570,50
0



NY-08-RPS Direction
CHNY08RPS
1

0
0,0000
0
0
0,0000
0
0
0,0000
0
0
41180008


0
0


0
0


250626



0

0,00
#CHLI
RPS Direction
SUP
SUPER







0
499,0000
0,00
1272,94
1272,94

0,0000
0,0000

0
464,86
0,00
464,86
0



NY-08-RPS Direction
CHNY08RPS
1

0
0,0000
0
0
0,0000
0
0
0,0000
0
0
41180008


0
0


0
0


250626



0

0,00
#CHRE
2
250626

0,00
0,00
1
0

#CHEN
1
7
1
1
F11009809
250626
RPS YANTALA



41180011
NY-11-RPS Yantala
Clts CASH-RPS-Yantala
1
0
0,000000
41180011
1
1
0






CHNY11RPS
1
21
11
1
1
1
0
0,0000
0,0000
1
0
2
4118000
07:40:39



0


0
0
0
0
0
0
0,0000
0
0
0,0000
0
0
0,0000
0
0



0
0
0




#CHLI
RPS YANTALA
GAS
GASOIL







0
618,0000
0,00
184,47
184,47

0,0000
0,0000

0
570,50
0
570,50
0



NY-11-RPS Yantala
CHNY11RPS
1

0
0,0000
0
0
0,0000
0
0
0,0000
0
0
41180011


0
0


0
0


250626



0

0,00
#CHLI
RPS YANTALA
SUP
SUPER







0
499,0000
0,00
2454,34
2454,34

0,0000
0,0000

0
464,86
0
464,86
0



NY-11-RPS Yantala
CHNY11RPS
1

0
0,0000
0
0
0,0000
0
0
0,0000
0
0
41180011


0
0


0
0


250626



0

0,00
#CHRE
2
250626

0
0
1
0

#CHEN
1
7
1
1
F13000005
250626
RPS KOUBIA



41180013
NY-13-RPS Koubia
Clts CASH-RPS-Koubia
1
0
0,000000
41180013
1
1
0







1
21
11
1
1
1
0
0,0000
0,0000
1
0
2
4118000
07:56:38



0


0
0,00
0
0
0,00
0
0,0000
0
0
0,0000
0
0
0,0000
0
0



0
0
0




#CHLI
RPS KOUBIA
SUP
SUPER







0
499,0000
0,00
2468,11
2468,11

0,0000
0,0000

0
440,00
0,00
440,00
0



NY-13-RPS Koubia

1

0
0,0000
0
0
0,0000
0
0
0,0000
0
0
41180013


0
0


0
0


250626



0

0,00
#CHRE
2
250626

0,00
0,00
1
0

#CHEN
1
7
1
1
F14TS0001
250626
RPS SOREY



41120013
NY-14-RPS Sorey
Indien Jainata Di
1
0
0,000000
41120013
1
1
0







1
21
11
1
1
1
0
0,0000
0,0000
1
0
2
4112000
10:28:54



0


0
0
0
0
0
0
0,0000
0
0
0,0000
0
0
0,0000
0
0



0
0
0




#CHLI
RPS SOREY
GAS
BON-Nø69565/BK-4696 RN







0
618,0000
0,00
300,00
300,00

0,0000
0,0000

0
0,00
0
0,00
0



NY-14-RPS Sorey

1

0
0,0000
0
0
0,0000
0
0
0,0000
0
0
41120013


0
0


0
0


250626



0

0,00
#CHLI
RPS SOREY
GAS
BON-Nø69564/BJ-9959 RN







0
618,0000
0,00
300,00
300,00

0,0000
0,0000

0
0,00
0
0,00
0



NY-14-RPS Sorey

1

0
0,0000
0
0
0,0000
0
0
0,0000
0
0
41120013


0
0


0
0


250626



0

0,00
#CHLI
RPS SOREY
GAS
BON-Nø69563/BJ-9972 RN







0
618,0000
0,00
300,00
300,00

0,0000
0,0000

0
0,00
0
0,00
0



NY-14-RPS Sorey

1

0
0,0000
0
0
0,0000
0
0
0,0000
0
0
41120013


0
0


0
0


250626



0

0,00
#CHLI
RPS SOREY
GAS
BON-Nø69566/AQ-6008 RN







0
618,0000
0,00
300,00
300,00

0,0000
0,0000

0
0,00
0
0,00
0



NY-14-RPS Sorey

1

0
0,0000
0
0
0,0000
0
0
0,0000
0
0
41120013


0
0


0
0


250626



0

0,00
#CHRE
2
250626

0
0
1
0

#CHEN
1
7
1
1
F14TS0002
250626
RPS SOREY



41180014
NY-14-RPS Sorey

1
0
0,000000
41180014
1
1
0







1
21
11
1
1
1
0
0,0000
0,0000
1
0
2
4118000
23:33:15



0


0
0
0
0
0
0
0,0000
0
0
0,0000
0
0
0,0000
0
0



0
0
0




#CHLI
RPS SOREY
GAS
GASOIL







0
618,0000
0,00
449,44
449,44

0,0000
0,0000

0
0,00
0
0,00
0



NY-14-RPS Sorey

1

0
0,0000
0
0
0,0000
0
0
0,0000
0
0
41180014


0
0


0
0


250626



0

0,00
#CHLI
RPS SOREY
SUP
SUPER







0
499,0000
0,00
290,28
290,28

0,0000
0,0000

0
0,00
0
0,00
0



NY-14-RPS Sorey

1

0
0,0000
0
0
0,0000
0
0
0,0000
0
0
41180014


0
0


0
0


250626



0

0,00
#CHRE
2
250626

0
0
1
0

#CHEN
1
7
1
1
F14TS0003
250626
RPS SOREY



41110024
NY-14-RPS Sorey
ETS Oudou Younoussa
1
0
0,000000
41110024
1
1
0







1
21
11
1
1
1
0
0,0000
0,0000
1
0
2
4111000
23:33:51



0


0
0
0
0
0
0
0,0000
0
0
0,0000
0
0
0,0000
0
0



0
0
0




#CHLI
RPS SOREY
GAS
BON-Nø69561/BY-1024 RN







0
618,0000
0,00
150,00
150,00

0,0000
0,0000

0
0,00
0
0,00
0



NY-14-RPS Sorey

1

0
0,0000
0
0
0,0000
0
0
0,0000
0
0
41110024


0
0


0
0


250626



0

0,00
#CHLI
RPS SOREY
GAS
BON-Nø69559/AP-1496 RN







0
618,0000
0,00
150,00
150,00

0,0000
0,0000

0
0,00
0
0,00
0



NY-14-RPS Sorey

1

0
0,0000
0
0
0,0000
0
0
0,0000
0
0
41110024


0
0


0
0


250626



0

0,00
#CHLI
RPS SOREY
GAS
BON-Nø69558/AP-1382 RN







0
618,0000
0,00
150,00
150,00

0,0000
0,0000

0
0,00
0
0,00
0



NY-14-RPS Sorey

1

0
0,0000
0
0
0,0000
0
0
0,0000
0
0
41110024


0
0


0
0


250626



0

0,00
#CHLI
RPS SOREY
GAS
BON-Nø69557/AP-1629 RN







0
618,0000
0,00
150,00
150,00

0,0000
0,0000

0
0,00
0
0,00
0



NY-14-RPS Sorey

1

0
0,0000
0
0
0,0000
0
0
0,0000
0
0
41110024


0
0


0
0


250626



0

0,00
#CHLI
RPS SOREY
GAS
BON-Nø69562/BV-7749 RN







0
618,0000
0,00
150,00
150,00

0,0000
0,0000

0
0,00
0
0,00
0



NY-14-RPS Sorey

1

0
0,0000
0
0
0,0000
0
0
0,0000
0
0
41110024


0
0


0
0


250626



0

0,00
#CHLI
RPS SOREY
GAS
BON-Nø69567/BJ-8075 RN







0
618,0000
0,00
150,00
150,00

0,0000
0,0000

0
0,00
0
0,00
0



NY-14-RPS Sorey

1

0
0,0000
0
0
0,0000
0
0
0,0000
0
0
41110024


0
0


0
0


250626



0

0,00
#CHRE
2
250626

0
0
1
0

#CHEN
1
7
1
1
F14TS0004
250626
RPS SOREY



41110099
NY-14-RPS Sorey
IBRAHIM BOUBACAR
1
0
0,000000
41110099
1
1
0







1
21
11
1
1
1
0
0,0000
0,0000
1
0
2
4111000
23:41:15



0


0
0
0
0
0
0
0,0000
0
0
0,0000
0
0
0,0000
0
0



0
0
0




#CHLI
RPS SOREY
GAS
BON-Nø69560/BF-2584 RN







0
618,0000
0,00
200,00
200,00

0,0000
0,0000

0
0,00
0
0,00
0



NY-14-RPS Sorey

1

0
0,0000
0
0
0,0000
0
0
0,0000
0
0
41110099


0
0


0
0


250626



0

0,00
#CHLI
RPS SOREY
GAS
BON-Nø34748/BH-9693 RN







0
618,0000
0,00
468,17
468,17

0,0000
0,0000

0
0,00
0
0,00
0



NY-14-RPS Sorey

1

0
0,0000
0
0
0,0000
0
0
0,0000
0
0
41110099


0
0


0
0


250626



0

0,00
#CHRE
2
250626

0
0
1
0

#CHEN
1
7
1
1
F14TS0005
250626
RPS SOREY



41110087
NY-14-RPS Sorey
Nassirou Yacouba
1
0
0,000000
41110087
1
1
0







1
21
11
1
1
1
0
0,0000
0,0000
1
0
2
4111000
23:43:25



0


0
0
0
0
0
0
0,0000
0
0
0,0000
0
0
0,0000
0
0



0
0
0




#CHLI
RPS SOREY
GAS
BON-Nø21759/VB-9164 RB







0
618,0000
0,00
400,00
400,00

0,0000
0,0000

0
0,00
0
0,00
0



NY-14-RPS Sorey

1

0
0,0000
0
0
0,0000
0
0
0,0000
0
0
41110087


0
0


0
0


250626



0

0,00
#CHRE
2
250626

0
0
1
0

#CHEN
1
7
1
1
F16007680
250626
RPS CITE-CAISSE



41180016
NY-16-RPS Cit‚ Caisse
Clts CASH-RPS-Cit‚ CAISSE
1
0
0,000000
41180016
1
1
0






CHNY16RPS
1
21
11
1
1
1
0
0,0000
0,0000
1
0
2
4118000
07:30:38



0


0
0
0
0
0
0
0,0000
0
0
0,0000
0
0
0,0000
0
0



0
0
0




#CHLI
RPS CITE-CAISSE
GAS
GASOIL







0
618,0000
0,00
431,22
431,22

0,0000
0,0000

0
618,50
0
618,50
0



NY-16-RPS Cit‚ Caisse
CHNY16RPS
1

0
0,0000
0
0
0,0000
0
0
0,0000
0
0
41180016


0
0


0
0


250626



0

0,00
#CHLI
RPS CITE-CAISSE
SUP
SUPER







0
499,0000
0,00
2624,85
2624,85

0,0000
0,0000

0
488,93
0
488,93
0



NY-16-RPS Cit‚ Caisse
CHNY16RPS
1

0
0,0000
0
0
0,0000
0
0
0,0000
0
0
41180016


0
0


0
0


250626



0

0,00
#CHRE
2
250626

0
0
1
0

#CHEN
1
7
1
1
F17000004
250626
RPS BCEAO



41180017
NY-17-RPS Bceao
Clts CASH-RPS-BECEAO
1
0
0,000000
41180017
1
1
0






CHNY17RPS
1
21
11
1
1
1
0
0,0000
0,0000
1
0
2
4118000
07:46:34



0


0
0
0
0
0
0
0,0000
0
0
0,0000
0
0
0,0000
0
0



0
0
0




#CHLI
RPS BCEAO
GAS
GASOIL







0
618,0000
0,00
271,23
271,23

0,0000
0,0000

0
570,50
0
570,50
0



NY-17-RPS Bceao
CHNY17RPS
1

0
0,0000
0
0
0,0000
0
0
0,0000
0
0
41180017


0
0


0
0


250626



0

0,00
#CHLI
RPS BCEAO
SUP
SUPER







0
499,0000
0,00
1451,31
1451,31

0,0000
0,0000

0
464,86
0
464,86
0



NY-17-RPS Bceao
CHNY17RPS
1

0
0,0000
0
0
0,0000
0
0
0,0000
0
0
41180017


0
0


0
0


250626



0

0,00
#CHRE
2
250626

0
0
1
0

#CHEN
1
7
1
1
F17000005
250626
RPS BCEAO



41120050
NY-17-RPS Bceao
SSN
1
0
0,000000
41120050
1
1
0






CHNY17RPS
1
21
11
1
1
1
0
0,0000
0,0000
1
0
2
4112000
07:47:21



0


0
0
0
0
0
0
0,0000
0
0
0,0000
0
0
0,0000
0
0



0
0
0




#CHLI
RPS BCEAO
SUP
AV9658







0
499,0000
0,00
2,00
2,00

0,0000
0,0000

0
464,86
0
464,86
0



NY-17-RPS Bceao
CHNY17RPS
1

0
0,0000
0
0
0,0000
0
0
0,0000
0
0
41120050


0
0


0
0


250626



0

0,00
#CHRE
2
250626

0
0
1
0

#CHEN
1
7
1
1
F21008942
250626
RPS CITE PROGRES



41180021
NY-21-RPS Cit‚ ProgrŠs
Clts CASH-RPS-Cit‚-ProgrŠs
1
0
0,000000
41180021
1
1
0






CHNY21RPS
1
21
11
1
1
1
0
0,0000
0,0000
1
0
2
4118000
07:28:36



0


0
0
0
0
0
0
0,0000
0
0
0,0000
0
0
0,0000
0
0



0
0
0




#CHLI
RPS CITE PROGRES
GAS
GASOIL







0
618,0000
0,00
62,63
62,63

0,0000
0,0000

0
615,13
0
615,13
0



NY-21-RPS Cit‚ ProgrŠs
CHNY21RPS
1

0
0,0000
0
0
0,0000
0
0
0,0000
0
0
41180021


0
0


0
0


250626



0

0,00
#CHLI
RPS CITE PROGRES
SUP
SUPER







0
499,0000
0,00
2663,04
2663,04

0,0000
0,0000

0
488,93
0
488,93
0



NY-21-RPS Cit‚ ProgrŠs
CHNY21RPS
1

0
0,0000
0
0
0,0000
0
0
0,0000
0
0
41180021


0
0


0
0


250626



0

0,00
#CHRE
2
250626

0
0
1
0

#CHEN
1
7
1
1
F21008943
250626
RPS CITE PROGRES



41120050
NY-21-RPS Cit‚ ProgrŠs
SSN
1
0
0,000000
41120050
1
1
0






CHNY21RPS
1
21
11
1
1
1
0
0,0000
0,0000
1
0
2
4112000
07:31:23



0


0
0
0
0
0
0
0,0000
0
0
0,0000
0
0
0,0000
0
0



0
0
0




#CHLI
RPS CITE PROGRES
SUP
2026052264119675/AQ4869RN







0
499,0000
0,00
6,01
6,01

0,0000
0,0000

0
488,93
0
488,93
0



NY-21-RPS Cit‚ ProgrŠs
CHNY21RPS
1

0
0,0000
0
0
0,0000
0
0
0,0000
0
0
41120050


0
0


0
0


250626



0

0,00
#CHRE
2
250626

0
0
1
0

#CHEN
1
7
1
1
F21008944
250626
RPS CITE PROGRES



41110018
NY-21-RPS Cit‚ ProgrŠs
Ibrahim DIDI-R‚seau
1
0
0,000000
41110018
1
1
0






CHNY21RPS
1
21
11
1
1
1
0
0,0000
0,0000
1
0
2
4111000
07:33:04



0


0
0
0
0
0
0
0,0000
0
0
0,0000
0
0
0,0000
0
0



0
0
0




#CHLI
RPS CITE PROGRES
GAS
34745/BQ1020RN







0
618,0000
0,00
30,00
30,00

0,0000
0,0000

0
615,13
0
615,13
0



NY-21-RPS Cit‚ ProgrŠs
CHNY21RPS
1

0
0,0000
0
0
0,0000
0
0
0,0000
0
0
41110018


0
0


0
0


250626



0

0,00
#CHLI
RPS CITE PROGRES
GAS
34744/BQ1020RN







0
618,0000
0,00
900,00
900,00

0,0000
0,0000

0
615,13
0
615,13
0



NY-21-RPS Cit‚ ProgrŠs
CHNY21RPS
1

0
0,0000
0
0
0,0000
0
0
0,0000
0
0
41110018


0
0


0
0


250626



0

0,00
#CHLI
RPS CITE PROGRES
GAS
34746/BQ1020RN







0
618,0000
0,00
800,00
800,00

0,0000
0,0000

0
615,13
0
615,13
0



NY-21-RPS Cit‚ ProgrŠs
CHNY21RPS
1

0
0,0000
0
0
0,0000
0
0
0,0000
0
0
41110018


0
0


0
0


250626



0

0,00
#CHRE
2
250626

0
0
1
0

#CHEN
1
7
1
1
F21008945
250626
RPS CITE PROGRES



41110016
NY-21-RPS Cit‚ ProgrŠs
Ali Ibrahim/R
1
0
0,000000
41110016
1
1
0






CHNY21RPS
1
21
11
1
1
1
0
0,0000
0,0000
1
0
2
4111000
07:35:42



0


0
0
0
0
0
0
0,0000
0
0
0,0000
0
0
0,0000
0
0



0
0
0




#CHLI
RPS CITE PROGRES
GAS
34747/AE6998RN







0
618,0000
0,00
161,81
161,81

0,0000
0,0000

0
615,13
0
615,13
0



NY-21-RPS Cit‚ ProgrŠs
CHNY21RPS
1

0
0,0000
0
0
0,0000
0
0
0,0000
0
0
41110016


0
0


0
0


250626



0

0,00
#CHRE
2
250626

0
0
1
0

#CHEN
1
7
1
1
F21008946
250626
RPS CITE PROGRES



41110099
NY-21-RPS Cit‚ ProgrŠs
IBRAHIM BOUBACAR
1
0
0,000000
41110099
1
1
0






CHNY21RPS
1
21
11
1
1
1
0
0,0000
0,0000
1
0
2
4111000
07:36:54



0


0
0
0
0
0
0
0,0000
0
0
0,0000
0
0
0,0000
0
0



0
0
0




#CHLI
RPS CITE PROGRES
GAS
34748/BH9693RN







0
618,0000
0,00
31,83
31,83

0,0000
0,0000

0
615,13
0
615,13
0



NY-21-RPS Cit‚ ProgrŠs
CHNY21RPS
1

0
0,0000
0
0
0,0000
0
0
0,0000
0
0
41110099


0
0


0
0


250626



0

0,00
#CHRE
2
250626

0
0
1
0

#CHEN
1
7
1
1
F22000005
250626
RPS KOSSEY



41180022
NY-22-RPS-Kossey
Clts CASH-RPS-KOSSEY
1
0
0,000000
41180022
1
1
0






CHNY22RPS
1
21
11
1
1
1
0
0,0000
0,0000
1
0
2
4118000
06:47:36



0


0
0,00
0
0
0,00
0
0,0000
0
0
0,0000
0
0
0,0000
0
0



0
0
0




#CHLI
RPS KOSSEY
GAS
GASOIL







0
618,0000
0,00
302,22
302,22

0,0000
0,0000

0
605,00
0,00
605,00
0



NY-22-RPS-Kossey
CHNY22RPS
1

0
0,0000
0
0
0,0000
0
0
0,0000
0
0
41180022


0
0


0
0


250626



0

0,00
#CHLI
RPS KOSSEY
SUP
SUPER







0
499,0000
0,00
1142,05
1142,05

0,0000
0,0000

0
448,00
0,00
448,00
0



NY-22-RPS-Kossey
CHNY22RPS
1

0
0,0000
0
0
0,0000
0
0
0,0000
0
0
41180022


0
0


0
0


250626



0

0,00
#CHRE
2
250626

0,00
0,00
1
0

#CHEN
1
7
1
1
F24000005
250626
RPS BANIZOUMBOU 2



41180024
NY-24-RPS Route Rond Point Bar‚
Clts CASH-RPS-Rond Point Bar‚
1
0
0,000000
41180024
1
1
0







1
21
11
1
1
1
0
0,0000
0,0000
1
0
2
4118000
07:09:35



0


0
0
0
0
0
0
0,0000
0
0
0,0000
0
0
0,0000
0
0



0
0
0




#CHLI
RPS BANIZOUMBOU 2
SUP
SUPER







0
499,0000
0,00
2176,22
2176,22

0,0000
0,0000

0
0,00
0
0,00
0



NY-24-RPS Route Rond Point Bar‚

1

0
0,0000
0
0
0,0000
0
0
0,0000
0
0
41180024


0
0


0
0


250626



0

0,00
#CHRE
2
250626

0
0
1
0

#CHEN
1
7
1
1
F24000006
250626
RPS BANIZOUMBOU 2



41120050
NY-24-RPS Route Rond Point Bar‚
SSN
1
0
0,000000
41120050
1
1
0







1
21
11
1
1
1
0
0,0000
0,0000
1
0
2
4112000
07:10:09



0


0
0
0
0
0
0
0,0000
0
0
0,0000
0
0
0,0000
0
0



0
0
0




#CHLI
RPS BANIZOUMBOU 2
SUP
SUPER







0
499,0000
0,00
20,04
20,04

0,0000
0,0000

0
0,00
0
0,00
0



NY-24-RPS Route Rond Point Bar‚

1

0
0,0000
0
0
0,0000
0
0
0,0000
0
0
41120050


0
0


0
0


250626



0

0,00
#CHLI
RPS BANIZOUMBOU 2
SUP
SUPER







0
499,0000
0,00
40,08
40,08

0,0000
0,0000

0
0,00
0
0,00
0



NY-24-RPS Route Rond Point Bar‚

1

0
0,0000
0
0
0,0000
0
0
0,0000
0
0
41120050


0
0


0
0


250626



0

0,00
#CHRE
2
250626

0
0
1
0

#CHEN
1
7
1
1
F25252315
250626
RPS MARHABA



41180025
NY-25-RPS Marhaba
Clts CASH-RPS-Marhaba
1
0
0,000000
41180025
1
1
0






CHNY25RPS
1
21
11
1
1
1
0
0,0000
0,0000
1
0
2
4118000
08:01:03



0


0
0
0
0
0
0
0,0000
0
0
0,0000
0
0
0,0000
0
0



0
0
0




#CHLI
RPS MARHABA
SUP
SUPER







0
499,0000
0,00
4181,86
4181,86

0,0000
0,0000

0
464,86
0
464,86
0



NY-25-RPS Marhaba
CHNY25RPS
1

0
0,0000
0
0
0,0000
0
0
0,0000
0
0
41180025


0
0


0
0


250626



0

0,00
#CHRE
2
250626

0
0
1
0

#CHEN
1
7
1
1
F26000258
250626
RPS Tourakou



41180026
NY-26-RPS Tourakou
Clts CASH -RPS-Tourakou
1
0
0,000000
41180026
1
1
0






CHNY26RPS
1
21
11
1
1
1
0
0,0000
0,0000
1
0
2
4118000
04:05:12



0


0
0
0
0
0
0
0,0000
0
0
0,0000
0
0
0,0000
0
0



0
0
0




#CHLI
RPS Tourakou
GAS
GASOIL







0
618,0000
0,00
518,92
518,92

0,0000
0,0000

0
570,50
0
570,50
0



NY-26-RPS Tourakou
CHNY26RPS
1

0
0,0000
0
0
0,0000
0
0
0,0000
0
0
41180026


0
0


0
0


250626



0

0,00
#CHLI
RPS Tourakou
SUP
SUPER







0
499,0000
0,00
2286,42
2286,42

0,0000
0,0000

0
464,50
0
464,50
0



NY-26-RPS Tourakou
CHNY26RPS
1

0
0,0000
0
0
0,0000
0
0
0,0000
0
0
41180026


0
0


0
0


250626



0

0,00
#CHRE
2
250626

0
0
1
0

#CHEN
1
7
1
1
F26000259
250626
RPS Tourakou



41120050
NY-26-RPS Tourakou
SSN
1
0
0,000000
41120050
1
1
0






CHNY26RPS
1
21
11
1
1
1
0
0,0000
0,0000
1
0
2
4112000
04:06:35



0


0
0
0
0
0
0
0,0000
0
0
0,0000
0
0
0,0000
0
0



0
0
0




#CHLI
RPS Tourakou
SUP
2025140001871343







0
499,0000
0,00
10,02
10,02

0,0000
0,0000

0
464,50
0
464,50
0



NY-26-RPS Tourakou
CHNY26RPS
1

0
0,0000
0
0
0,0000
0
0
0,0000
0
0
41120050


0
0


0
0


250626



0

0,00
#CHRE
2
250626

0
0
1
0

#CHEN
1
7
1
1
F27271408
250626
RPS DAR SALAM



41180027
NY-27-RPS Dar Salam

1
0
0,000000
41180027
1
1
0






CHNY27RPS
1
21
11
1
1
1
0
0,0000
0,0000
1
0
2
4118000
07:12:49



0


0
0,00
0
0
0,00
0
0,0000
0
0
0,0000
0
0
0,0000
0
0



0
0
0




#CHLI
RPS DAR SALAM
GAS
GASOIL







0
618,0000
0,00
69,61
69,61

0,0000
0,0000

0
615,13
0,00
615,13
0



NY-27-RPS Dar Salam
CHNY27RPS
1

0
0,0000
0
0
0,0000
0
0
0,0000
0
0
41180027


0
0


0
0


250626



0

0,00
#CHLI
RPS DAR SALAM
SUP
SUPER







0
499,0000
0,00
418,64
418,64

0,0000
0,0000

0
488,93
0,00
488,93
0



NY-27-RPS Dar Salam
CHNY27RPS
1

0
0,0000
0
0
0,0000
0
0
0,0000
0
0
41180027


0
0


0
0


250626



0

0,00
#CHRE
2
250626

0,00
0,00
1
0

#CHEN
1
7
1
1
F28281401
250626
RPS Bobiel



41180028
NY-28-RPS Bobiel
Clts-CASH-RPS-Bobiel
1
0
0,000000
41180028
1
1
0






CHNY28RPS
1
21
11
1
1
1
0
0,0000
0,0000
1
0
2
4118000
06:36:10



0


0
0,00
0
0
0,00
0
0,0000
0
0
0,0000
0
0
0,0000
0
0



0
0
0




#CHLI
RPS Bobiel
SUP
SUPER







0
499,0000
0,00
1540,36
1540,36

0,0000
0,0000

0
464,88
0,00
464,88
0



NY-28-RPS Bobiel
CHNY28RPS
1

0
0,0000
0
0
0,0000
0
0
0,0000
0
0
41180028


0
0


0
0


250626



0

0,00
#CHRE
2
250626

0,00
0,00
1
0

#CHEN
1
7
1
1
F29TS0021
250626
RPS Harobanda



41180029
NY-29-RPS Harobanda
Clts CASH-RPS-Harobanda
1
1
1,000000
41180029
1
1
0






CHNY29RPS
1
21
11
1
1
1
1
0,0000
0,0000
1
0
2
4118000
07:05:08



0


0
0
0
0
0
0
0,0000
0
0
0,0000
0
0
0,0000
0
0



0
0
0




#CHLI
RPS Harobanda
SUP
SUPER







0
499,0000
499
4002,69
4002,69

0,0000
0,0000

0
488,93
0
488,93
0



NY-29-RPS Harobanda
CHNY29RPS
1

0
0,0000
0
0
0,0000
0
0
0,0000
0
0
41180029


0
0


0
0


250626



0

0,00
#CHRE
2
250626

0
0
1
0

#CHEN
1
7
1
1
F30000030
250626
RPS Chateau8



41180030
NY-30-RPS Chateau8
Clts CASH-RPS-Chateau8
1
0
0,000000
41180030
1
1
0






CHNY08RPS
1
21
11
1
1
1
0
0,0000
0,0000
1
0
2
418000
06:33:33



0


0
0,00
0
0
0,00
0
0,0000
0
0
0,0000
0
0
0,0000
0
0



0
0
0




#CHLI
RPS BOSSO
SUP
SUPER







0
499,0000
0,00
1796,91
1796,91

0,0000
0,0000

0
464,86
0,00
464,86
0



NY-30-RPS Chateau8
CHNY08RPS
1

0
0,0000
0
0
0,0000
0
0
0,0000
0
0
41180030


0
0


0
0


250626



0

0,00
#CHRE
2
250626

0,00
0,00
1
0

#CHEN
1
7
1
1
F30000032
250626
RPS Chateau8



41120002
NY-30-RPS Chateau8
AZIMA
1
0
0,000000
41120002
1
1
0







1
21
11
1
1
1
0
0,0000
0,0000
1
0
2
4112000
06:36:26



0


0
0,00
0
0
0,00
0
0,0000
0
0
0,0000
0
0
0,0000
0
0



0
0
0




#CHLI
RPS BOSSO
SUP
AQ 2478/0205/26







0
499,0000
0,00
10,00
10,00

0,0000
0,0000

0
464,86
0,00
464,86
0



NY-30-RPS Chateau8

1

0
0,0000
0
0
0,0000
0
0
0,0000
0
0
41120002


0
0


0
0


250626



0

0,00
#CHRE
2
250626

0,00
0,00
1
0

#CHEN
1
7
1
1
F31312296
250626
RPS RIMBO



41120050
NY-31-RPS Rimbo
SSN
1
0
0,000000
41120050
1
1
0






CHNY31RPS
1
21
11
1
1
1
0
0,0000
0,0000
1
0
2
4112000
06:46:22



0


0
0
0
0
0
0
0,0000
0
0
0,0000
0
0
0,0000
0
0



0
0
0




#CHLI
RPS RIMBO
SUP
VENTE CARBURANNø2026050863961000/BM1034/ESS







0
499,0000
0,00
20,04
20,04

0,0000
0,0000

0
488,93
0
488,93
0



NY-31-RPS Rimbo
CHNY31RPS
1

0
0,0000
0
0
0,0000
0
0
0,0000
0
0
41120050


0
0


0
0


250626



0

0,00
#CHRE
2
250626

0
0
1
0

#CHEN
1
7
1
1
F31312297
250626
RPS RIMBO



41180031
NY-31-RPS Rimbo
Clts CASH-RPS-Rimbo
1
0
0,000000
41180031
1
1
0






CHNY31RPS
1
21
11
1
1
1
0
0,0000
0,0000
1
0
2
4118000
06:48:18



0


0
0
0
0
0
0
0,0000
0
0
0,0000
0
0
0,0000
0
0



0
0
0




#CHLI
RPS RIMBO
GAS
GASOIL







0
618,0000
0,00
51,94
51,94

0,0000
0,0000

0
615,13
0
615,13
0



NY-31-RPS Rimbo
CHNY31RPS
1

0
0,0000
0
0
0,0000
0
0
0,0000
0
0
41180031


0
0


0
0


250626



0

0,00
#CHLI
RPS RIMBO
SUP
SUPER







0
499,0000
0,00
911,14
911,14

0,0000
0,0000

0
488,93
0
488,93
0



NY-31-RPS Rimbo
CHNY31RPS
1

0
0,0000
0
0
0,0000
0
0
0,0000
0
0
41180031


0
0


0
0


250626



0

0,00
#CHRE
2
250626

0
0
1
0

#CHEN
1
7
1
1
F32000020
250626
RPS MADINA



41180032
NY-32-RPS Madina
Clts CASH-RPS-Madina
1
0
0,000000
41180032
1
1
0







1
21
11
1
1
1
0
0,0000
0,0000
1
0
2
4118000
07:11:40



0


0
0
0
0
0
0
0,0000
0
0
0,0000
0
0
0,0000
0
0



0
0
0




#CHLI
RPS MADINA
GAS
GASOIL







0
618,0000
0,00
39,88
39,88

0,0000
0,0000

0
618,00
0
618,00
0



NY-32-RPS Madina

1

0
0,0000
0
0
0,0000
0
0
0,0000
0
0
41180032


0
0


0
0


250626



0

0,00
#CHLI
RPS MADINA
SUP
SUPER







0
499,0000
0,00
672,00
672,00

0,0000
0,0000

0
499,00
0
499,00
0



NY-32-RPS Madina

1

0
0,0000
0
0
0,0000
0
0
0,0000
0
0
41180032


0
0


0
0


250626



0

0,00
#CHRE
2
250626

0
0
1
0

#CHEN
1
7
1
1
F32000021
250626
RPS MADINA



41110005
NY-32-RPS Madina
Isheikh Hamma HAMI
1
0
0,000000
41110005
1
1
0







1
21
11
1
1
1
0
0,0000
0,0000
1
0
2
4111000
07:12:46



0


0
0
0
0
0
0
0,0000
0
0
0,0000
0
0
0,0000
0
0



0
0
0




#CHLI
RPS MADINA
GAS
HAMMA HAMID/BN 3872







0
618,0000
0,00
500,00
500,00

0,0000
0,0000

0
618,00
0
618,00
0



NY-32-RPS Madina

1

0
0,0000
0
0
0,0000
0
0
0,0000
0
0
41110005


0
0


0
0


250626



0

0,00
#CHRE
2
250626

0
0
1
0

#CHEN
1
7
1
1
F32000022
250626
RPS MADINA



41110024
NY-32-RPS Madina
ETS Oudou Younoussa
1
0
0,000000
41110024
1
1
0







1
21
11
1
1
1
0
0,0000
0,0000
1
0
2
4111000
07:13:55



0


0
0
0
0
0
0
0,0000
0
0
0,0000
0
0
0,0000
0
0



0
0
0




#CHLI
RPS MADINA
GAS
HOUDOU YOUNOUSSA /AJ 9265







0
618,0000
0,00
120,00
120,00

0,0000
0,0000

0
618,01
0
618,01
0



NY-32-RPS Madina

1

0
0,0000
0
0
0,0000
0
0
0,0000
0
0
41110024


0
0


0
0


250626



0

0,00
#CHLI
RPS MADINA
GAS
HOUDOU YOUNOUSSA/AJ 9264







0
618,0000
0,00
120,00
120,00

0,0000
0,0000

0
618,01
0
618,01
0



NY-32-RPS Madina

1

0
0,0000
0
0
0,0000
0
0
0,0000
0
0
41110024


0
0


0
0


250626



0

0,00
#CHRE
2
250626

0
0
1
0

#CHEN
1
7
1
1
F32000023
250626
RPS MADINA



41120026
NY-32-RPS Madina
Rimbo Transport
1
0
0,000000
41120026
1
1
0







1
21
11
1
1
1
0
0,0000
0,0000
1
0
2
4112000
07:16:26



0


0
0
0
0
0
0
0,0000
0
0
0,0000
0
0
0,0000
0
0



0
0
0




#CHLI
RPS MADINA
SUP
RIMBO/BA 4166







0
499,0000
0,00
5,00
5,00

0,0000
0,0000

0
499,00
0
499,00
0



NY-32-RPS Madina

1

0
0,0000
0
0
0,0000
0
0
0,0000
0
0
41120026


0
0


0
0


250626



0

0,00
#CHRE
2
250626

0
0
1
0

#CHEN
1
7
1
1
F33000004
250626
ARENES



41180033
NY-33-RPS Les ArŠnes
Clts CASH-RPS-Les Arenes
1
0
0,000000
41180033
1
1
0







1
21
11
1
1
1
0
0,0000
0,0000
1
0
2
4118000
07:42:39



0


0
0
0
0
0
0
0,0000
0
0
0,0000
0
0
0,0000
0
0



0
0
0




#CHLI
ARENES
GAS
GASOIL







0
618,0000
0,00
279,31
279,31

0,0000
0,0000

0
0,00
0
0,00
0



NY-33-RPS Les ArŠnes

1

0
0,0000
0
0
0,0000
0
0
0,0000
0
0
41180033


0
0


0
0


250626



0

0,00
#CHLI
ARENES
SUP
SUPER







0
499,0000
0,00
2272,24
2272,24

0,0000
0,0000

0
494,36
0
494,36
0



NY-33-RPS Les ArŠnes

1

0
0,0000
0
0
0,0000
0
0
0,0000
0
0
41180033


0
0


0
0


250626



0

0,00
#CHRE
2
250626

0
0
1
0

#CHEN
1
7
1
1
F33000006
250626
ARENES



41120040
NY-33-RPS Les ArŠnes
SOTCO
1
0
0,000000
41120040
1
1
0







1
21
11
1
1
1
0
0,0000
0,0000
1
0
2
4112000
07:51:51



0


0
0
0
0
0
0
0,0000
0
0
0,0000
0
0
0,0000
0
0



0
0
0




#CHLI
ARENES
GAS
BONøBS-7701







0
618,0000
0,00
200,00
200,00

0,0000
0,0000

0
0,00
0
0,00
0



NY-33-RPS Les ArŠnes

1

0
0,0000
0
0
0,0000
0
0
0,0000
0
0
41120040


0
0


0
0


250626



0

0,00
#CHLI
ARENES
GAS
BONøCH-6624







0
618,0000
0,00
40,00
40,00

0,0000
0,0000

0
0,00
0
0,00
0



NY-33-RPS Les ArŠnes

1

0
0,0000
0
0
0,0000
0
0
0,0000
0
0
41120040


0
0


0
0


250626



0

0,00
#CHRE
2
250626

0
0
1
0

#CHEN
1
7
1
1
F33000007
250626
ARENES



41120050
NY-33-RPS Les ArŠnes
SSN
1
0
0,000000
41120050
1
1
0







1
21
11
1
1
1
0
0,0000
0,0000
1
0
2
4112000
07:54:22



0


0
0
0
0
0
0
0,0000
0
0
0,0000
0
0
0,0000
0
0



0
0
0




#CHLI
ARENES
SUP
BONø2026051264003426







0
499,0000
0,00
10,02
10,02

0,0000
0,0000

0
494,36
0
494,36
0



NY-33-RPS Les ArŠnes

1

0
0,0000
0
0
0,0000
0
0
0,0000
0
0
41120050


0
0


0
0


250626



0

0,00
#CHLI
ARENES
SUP
BONø2024100801594918







0
499,0000
0,00
4,01
4,01

0,0000
0,0000

0
494,36
0
494,36
0



NY-33-RPS Les ArŠnes

1

0
0,0000
0
0
0,0000
0
0
0,0000
0
0
41120050


0
0


0
0


250626



0

0,00
#CHRE
2
250626

0
0
1
0

#CHEN
1
7
1
1
F34000000
250626
RPS BONKANEY



41180034
NY-34-RPS Bonkaney

1
0
0,000000
41180034
1
1
0







1
21
11
1
1
1
0
0,0000
0,0000
1
0
2
4118000
07:03:51



0


0
0,00
0
0
0,00
0
0,0000
0
0
0,0000
0
0
0,0000
0
0



0
0
0




#CHLI
RPS BONKANEY
GAS
GASOIL







0
618,0000
0,00
86,56
86,56

0,0000
0,0000

0
601,40
0,00
601,40
0



NY-34-RPS Bonkaney

1

0
0,0000
0
0
0,0000
0
0
0,0000
0
0
41180034


0
0


0
0


250626



0

0,00
#CHLI
RPS BONKANEY
SUP
SUPER







0
499,0000
0,00
350,01
350,01

0,0000
0,0000

0
499,00
0,00
499,00
0



NY-34-RPS Bonkaney

1

0
0,0000
0
0
0,0000
0
0
0,0000
0
0
41180034


0
0


0
0


250626



0

0,00
#CHRE
2
250626

0,00
0,00
1
0

#CHEN
1
7
1
1
F44000007
250626
Route Saga



41180044
NY-44-RPS Saga
Clts CASH-RPS-Saga
1
0
0,000000
41180044
1
1
0







1
21
11
1
1
1
0
0,0000
0,0000
1
0
2
4118000
21:15:45



0


0
0,00
0
0
0,00
0
0,0000
0
0
0,0000
0
0
0,0000
0
0



0
0
0




#CHLI
Route Saga
SUP
SUPER







0
499,0000
0,00
587,86
587,86

0,0000
0,0000

0
498,99
0,00
498,99
0



NY-44-RPS Saga

1

0
0,0000
0
0
0,0000
0
0
0,0000
0
0
41180044


0
0


0
0


250626



0

0,00
#CHRE
2
250626

0,00
0,00
1
0

#CHEN
1
7
1
1
F37372388
250626
CHTAKO37RPS



41111008
TA-37-RPS Konni 02
HACHIMOU MAHAMADOU
1
0
0,000000
41111008
1
1
0






CHTAKO37RPS
1
21
11
1
1
1
0
0,0000
0,0000
1
0
2
4111000
07:30:24



0


0
0
0
0
0
0
0,0000
0
0
0,0000
0
0
0,0000
0
0



0
0
0




#CHLI
CHTAKO37RPS
GAS
AS8125 N*0058880







0
618,0000
0,00
800,00
800,00

0,0000
0,0000

0
615,13
0
615,13
0



TA-37-RPS Konni 02
CHTAKO37RPS
1

0
0,0000
0
0
0,0000
0
0
0,0000
0
0
41111008


0
0


0
0


250626



0

0,00
#CHRE
2
250626

0
0
1
0

#CHEN
1
7
1
1
F37372389
250626
CHTAKO37RPS



41180037
TA-37-RPS Konni 02
Clts CASH-RPS-Konni02
1
0
0,000000
41180037
1
1
0






CHTAKO37RPS
1
21
11
1
1
1
1
0,0000
0,0000
1
0
2
4118000
07:31:56



0


0
0
0
0
0
0
0,0000
0
0
0,0000
0
0
0,0000
0
0



0
0
0




#CHLI
CHTAKO37RPS
SUP
SUPER







0
499,0000
0,00
1967,78
1967,78

0,0000
0,0000

0
488,93
0
488,93
0



TA-37-RPS Konni 02
CHTAKO37RPS
1

0
0,0000
0
0
0,0000
0
0
0,0000
0
0
41180037


0
0


0
0


250626



0

0,00
#CHRE
2
250626

0
0
1
0

#CHEN
1
7
1
1
F38000008
250626
RPS Universite



41180038
TA-38-RPS Tahoua 01
Clts CASH-RPS-Tahoua01
1
0
0,000000
41180038
1
1
0






CHTA38RPS
1
21
11
1
1
1
0
0,0000
0,0000
1
0
2
4118000
01:42:06



0


0
0,00
0
0
0,00
0
0,0000
0
0
0,0000
0
0
0,0000
0
0



0
0
0




#CHLI
RPS Universite
GAS
GASOIL







0
618,0000
0,00
347,90
347,90

0,0000
0,0000

0
615,13
0,00
615,13
0



TA-38-RPS Tahoua 01
CHTA38RPS
1

0
0,0000
0
0
0,0000
0
0
0,0000
0
0
41180038


0
0


0
0


250626



0

0,00
#CHLI
RPS Universite
SUP
SUPER







0
499,0000
0,00
4538,89
4538,89

0,0000
0,0000

0
488,93
0,00
488,93
0



TA-38-RPS Tahoua 01
CHTA38RPS
1

0
0,0000
0
0
0,0000
0
0
0,0000
0
0
41180038


0
0


0
0


250626



0

0,00
#CHRE
2
250626

0,00
0,00
1
0

#CHEN
1
7
1
1
F38000009
250626
RPS Universite



41110002
TA-38-RPS Tahoua 01
Maika SAMAILA
1
0
0,000000
41110002
1
1
0






CHTA38RPS
1
21
11
1
1
1
0
0,0000
0,0000
1
0
2
4111000
01:42:39



0


0
0,00
0
0
0,00
0
0,0000
0
0
0,0000
0
0
0,0000
0
0



0
0
0




#CHLI
RPS Universite
GAS
BF 4810







0
618,0000
0,00
297,05
297,05

0,0000
0,0000

0
615,13
0,00
615,13
0



TA-38-RPS Tahoua 01
CHTA38RPS
1

0
0,0000
0
0
0,0000
0
0
0,0000
0
0
41110002


0
0


0
0


250626



0

0,00
#CHRE
2
250626

0,00
0,00
1
0

#CHEN
1
7
1
1
F38000010
250626
RPS Universite



41120050
TA-38-RPS Tahoua 01
SSN
1
0
0,000000
41120050
1
1
0






CHTA38RPS
1
21
11
1
1
1
0
0,0000
0,0000
1
0
2
4112000
08:50:35



0


0
0,00
0
0
0,00
0
0,0000
0
0
0,0000
0
0
0,0000
0
0



0
0
0




#CHLI
RPS Universite
GAS
REF 2024082701192342







0
618,0000
0,00
69,04
69,04

0,0000
0,0000

0
615,13
0,00
615,13
0



TA-38-RPS Tahoua 01
CHTA38RPS
1

0
0,0000
0
0
0,0000
0
0
0,0000
0
0
41120050


0
0


0
0


250626



0

0,00
#CHLI
RPS Universite
SUP
REF 2024082701192342







0
499,0000
0,00
12,02
12,02

0,0000
0,0000

0
488,93
0,00
488,93
0



TA-38-RPS Tahoua 01
CHTA38RPS
1

0
0,0000
0
0
0,0000
0
0
0,0000
0
0
41120050


0
0


0
0


250626



0

0,00
#CHRE
2
250626

0,00
0,00
1
0

#CHEN
1
7
1
1
F39000005
250626
RPS Tahoua 02



41180039
TA-39-RPS Tahoua 02
Clts CASH-RPS-Tahoua02
1
0
0,000000
41180039
1
1
0






CHTA39RPS
1
21
11
1
1
1
0
0,0000
0,0000
1
0
2
4118000
08:35:00



0


0
0,00
0
0
0,00
0
0,0000
0
0
0,0000
0
0
0,0000
0
0



0
0
0




#CHLI
RPS Rte Agadez
GAS
GASOIL







0
618,0000
0,00
1189,20
1189,20

0,0000
0,0000

0
615,13
0,00
615,13
0



TA-39-RPS Tahoua 02
CHTA39RPS
1

0
0,0000
0
0
0,0000
0
0
0,0000
0
0
41180039


0
0


0
0


250626



0

0,00
#CHLI
RPS Rte Agadez
SUP
SUPER







0
499,0000
0,00
1640,80
1640,80

0,0000
0,0000

0
488,93
0,00
488,93
0



TA-39-RPS Tahoua 02
CHTA39RPS
1

0
0,0000
0
0
0,0000
0
0
0,0000
0
0
41180039


0
0


0
0


250626



0

0,00
#CHRE
2
250626

0,00
0,00
1
0

#CHEN
1
7
1
1
F39000006
250626
RPS Tahoua 02



4112015
TA-39-RPS Tahoua 02
SOTCO
1
0
0,000000
4112015
1
1
0






CHTA39RPS
1
21
11
1
1
1
0
0,0000
0,0000
1
0
2
4112000
08:37:05



0


0
0,00
0
0
0,00
0
0,0000
0
0
0,0000
0
0
0,0000
0
0



0
0
0




#CHLI
RPS Rte Agadez
GAS
BM 2248







0
618,0000
0,00
150,00
150,00

0,0000
0,0000

0
615,13
0,00
615,13
0



TA-39-RPS Tahoua 02
CHTA39RPS
1

0
0,0000
0
0
0,0000
0
0
0,0000
0
0
4112015


0
0


0
0


250626



0

0,00
#CHRE
2
250626

0,00
0,00
1
0

#CHEN
1
7
1
1
F48000003
250626
RPS Tchinta



41180048
TA-48-RPS Tchinta RT Alg‚rie
Clts CASH-RPS-Tchinta RT Alg‚rie
1
0
0,000000
41180048
1
1
0







1
21
11
1
1
1
0
0,0000
0,0000
1
0
2
4118000
06:36:12



0


0
0
0
0
0
0
0,0000
0
0
0,0000
0
0
0,0000
0
0



0
0
0




#CHLI
RPS Tchinta
SUP
SUPER







0
499,0000
0,00
70,00
70,00

0,0000
0,0000

0
464,50
0
464,50
0



TA-48-RPS Tchinta RT Alg‚rie

1

0
0,0000
0
0
0,0000
0
0
0,0000
0
0
41180048


0
0


0
0


250626



0

0,00
#CHRE
2
250626

0
0
1
0

#CHEN
1
7
1
1
F51TS0001
250626
RPS ABALAK



41180051
TA-51-RPS Abalak Pr‚fecture

1
0
0,000000
41180051
1
1
0







1
21
11
1
1
1
0
0,0000
0,0000
1
0
2
4118000
06:55:14



0


0
0
0
0
0
0
0,0000
0
0
0,0000
0
0
0,0000
0
0



0
0
0




#CHLI
RPS ABALAK
GAS
GASOIL







0
618,0000
0,00
5,04
5,04

0,0000
0,0000

0
570,49
0
570,49
0



TA-51-RPS Abalak Pr‚fecture

1

0
0,0000
0
0
0,0000
0
0
0,0000
0
0
41180051


0
0


0
0


250626



0

0,00
#CHLI
RPS ABALAK
SUP
SUPER







0
499,0000
0,00
3461,18
3461,18

0,0000
0,0000

0
464,50
0
464,50
0



TA-51-RPS Abalak Pr‚fecture

1

0
0,0000
0
0
0,0000
0
0
0,0000
0
0
41180051


0
0


0
0


250626



0

0,00
#CHRE
2
250626

0
0
1
0

#CHEN
1
7
1
1
F51TS0002
250626
RPS ABALAK



41120016
TA-51-RPS Abalak Pr‚fecture
Entreprise Mim
1
0
0,000000
41120016
1
1
0







1
21
11
1
1
1
0
0,0000
0,0000
1
0
2
4112000
06:55:54



0


0
0
0
0
0
0
0,0000
0
0
0,0000
0
0
0,0000
0
0



0
0
0




#CHLI
RPS ABALAK
GAS
Entreprise MIM/BR39786/CB7860/NASSER CHAMBOU MOUSSA/GAZOIL







0
618,0000
0,00
884,42
884,42

0,0000
0,0000

0
570,49
0
570,49
0



TA-51-RPS Abalak Pr‚fecture

1

0
0,0000
0
0
0,0000
0
0
0,0000
0
0
41120016


0
0


0
0


250626



0

0,00
#CHRE
2
250626

0
0
1
0

#CHEN
1
7
1
1
F52000008
250626
RPS HAMDALLAYE



41129006
TY-52-RPS Hamdallaye
BACOREX
1
0
0,000000
41129006
1
1
0







1
21
11
1
1
1
0
0,0000
0,0000
1
0
2
4112000
06:43:37



0


0
0,00
0
0
0,00
0
0,0000
0
0
0,0000
0
0
0,0000
0
0



0
0
0




#CHLI
RPS HAMDALLAYE
SUP
BACOREX 60823/CF-7659







0
499,0000
0,00
25,00
25,00

0,0000
0,0000

0
467,49
0,00
467,49
0



TY-52-RPS Hamdallaye

1

0
0,0000
0
0
0,0000
0
0
0,0000
0
0
41129006


0
0


0
0


250626



0

0,00
#CHRE
2
250626

0,00
0,00
1
0

#CHEN
1
7
1
1
F52000009
250626
RPS HAMDALLAYE



41180052
TY-52-RPS Hamdallaye

1
0
0,000000
41180052
1
1
0







1
21
11
1
1
1
0
0,0000
0,0000
1
0
2
4118000
06:45:08



0


0
0,00
0
0
0,00
0
0,0000
0
0
0,0000
0
0
0,0000
0
0



0
0
0




#CHLI
RPS HAMDALLAYE
SUP
SUPER







0
499,0000
0,00
3258,64
3258,64

0,0000
0,0000

0
467,49
0,00
467,49
0



TY-52-RPS Hamdallaye

1

0
0,0000
0
0
0,0000
0
0
0,0000
0
0
41180052


0
0


0
0


250626



0

0,00
#CHRE
2
250626

0,00
0,00
1
0

#CHEN
1
7
1
1
F53TS0001
250626

250626


41180053
TY-53-RPS Bal‚yara

1
0
0,000000
41180053
1
1
0







1
21
11
1
1
1
0
0,0000
0,0000
1
0
2
4111000
06:35:31



0


0
0,00
0
0
0,00
0
0,0000
0
0
0,0000
0
0
0,0000
0
0



0
0
0




#CHLI

SUP
SUPER







0
499,0000
0,00
793,35
793,35

0,0000
0,0000

0
464,50
0,00
464,50
0


250626
TY-53-RPS Bal‚yara

1

0
0,0000
0
0
0,0000
0
0
0,0000
0
0
41180053


0
0


0
0


250626



0

0,00
#CHRE
2
250626

0,00
0,00
1
0

#CHEN
1
7
1
1
F53TS0002
250626

250626


41110060
TY-53-RPS Bal‚yara
Alliance Petroleum
1
0
0,000000
41110060
1
1
0







1
21
11
1
1
1
0
0,0000
0,0000
1
0
2
4111000
06:37:40



0


0
0,00
0
0
0,00
0
0,0000
0
0
0,0000
0
0
0,0000
0
0



0
0
0




#CHLI

SUP
SSN







0
499,0000
0,00
9,02
9,02

0,0000
0,0000

0
464,50
0,00
464,50
0


250626
TY-53-RPS Bal‚yara

1

0
0,0000
0
0
0,0000
0
0
0,0000
0
0
41110060


0
0


0
0


250626



0

0,00
#CHRE
2
250626

0,00
0,00
1
0

#CHEN
1
7
1
1
F41000006
250626
RPSZR-SORAZ



41180041
ZR-41-RPS Zinder-Soraze
Clts CASH-RPS-ZR-Soraze
1
0
0,000000
41180041
1
1
0







1
21
11
1
1
1
0
0,0000
0,0000
1
0
2
4118000
09:48:58



0


0
0
0
0
0
0
0,0000
0
0
0,0000
0
0
0,0000
0
0



0
0
0




#CHLI
RPSZR-SORAZ
GAS
GASOIL







0
618,0000
0,00
3325,76
3325,76

0,0000
0,0000

0
570,94
0
570,94
0



ZR-41-RPS Zinder-Soraze

1

0
0,0000
0
0
0,0000
0
0
0,0000
0
0
41180041


0
0


0
0


250626



0

0,00
#CHRE
2
250626

0
0
1
0

#CHEN
1
7
1
1
F42000016
250626
RPSZR HYP



41180042
ZR-42-RPS Zr-Hypodrome
Clts CASH-RPS-Zr-Hypodrome
1
0
0,000000
41180042
1
1
0







1
21
11
1
1
1
0
0,0000
0,0000
1
0
2
4118000
06:52:33



0


0
0
0
0
0
0
0,0000
0
0
0,0000
0
0
0,0000
0
0



0
0
0




#CHLI
RPSZR HYP
GAS
GASOIL







0
618,0000
0,00
2646,87
2646,87

0,0000
0,0000

0
563,84
0
563,84
0



ZR-42-RPS Zr-Hypodrome

1

0
0,0000
0
0
0,0000
0
0
0,0000
0
0
41180042


0
0


0
0


250626



0

0,00
#CHLI
RPSZR HYP
SUP
SUPER







0
499,0000
0,00
4849,14
4849,14

0,0000
0,0000

0
464,50
0
464,50
0



ZR-42-RPS Zr-Hypodrome

1

0
0,0000
0
0
0,0000
0
0
0,0000
0
0
41180042


0
0


0
0


250626



0

0,00
#CHRE
2
250626

0
0
1
0

#CHEN
1
7
1
1
F42000017
250626
RPSZR HYP



41120026
ZR-42-RPS Zr-Hypodrome
Rimbo Transport
1
0
0,000000
41120026
1
1
0







1
21
11
1
1
1
0
0,0000
0,0000
1
0
2
4112000
06:53:40



0


0
0
0
0
0
0
0,0000
0
0
0,0000
0
0
0,0000
0
0



0
0
0




#CHLI
RPSZR HYP
GAS
32534/ CA5438RN







0
618,0000
0,00
400,00
400,00

0,0000
0,0000

0
563,85
0
563,85
0



ZR-42-RPS Zr-Hypodrome

1

0
0,0000
0
0
0,0000
0
0
0,0000
0
0
41120026


0
0


0
0


250626



0

0,00
#CHLI
RPSZR HYP
GAS
32533/ CG9132RN







0
618,0000
0,00
200,00
200,00

0,0000
0,0000

0
563,85
0
563,85
0



ZR-42-RPS Zr-Hypodrome

1

0
0,0000
0
0
0,0000
0
0
0,0000
0
0
41120026


0
0


0
0


250626



0

0,00
#CHLI
RPSZR HYP
GAS
32535/ CG9133RN







0
618,0000
0,00
200,00
200,00

0,0000
0,0000

0
563,85
0
563,85
0



ZR-42-RPS Zr-Hypodrome

1

0
0,0000
0
0
0,0000
0
0
0,0000
0
0
41120026


0
0


0
0


250626



0

0,00
#CHRE
2
250626

0
0
1
0

#CHEN
1
7
1
1
F42000018
250626
RPSZR HYP



41120042
ZR-42-RPS Zr-Hypodrome
ZAMANI TELECOM
1
0
0,000000
41120042
1
1
0







1
21
11
1
1
1
0
0,0000
0,0000
1
0
2
4112000
06:56:39



0


0
0
0
0
0
0
0,0000
0
0
0,0000
0
0
0,0000
0
0



0
0
0




#CHLI
RPSZR HYP
GAS
34038/ AE6277RN







0
618,0000
0,00
500,00
500,00

0,0000
0,0000

0
563,85
0
563,85
0



ZR-42-RPS Zr-Hypodrome

1

0
0,0000
0
0
0,0000
0
0
0,0000
0
0
41120042


0
0


0
0


250626



0

0,00
#CHLI
RPSZR HYP
GAS
34032/ AE6277RN







0
618,0000
0,00
500,00
500,00

0,0000
0,0000

0
563,85
0
563,85
0



ZR-42-RPS Zr-Hypodrome

1

0
0,0000
0
0
0,0000
0
0
0,0000
0
0
41120042


0
0


0
0


250626



0

0,00
#CHRE
2
250626

0
0
1
0

#CHEN
1
7
1
1
F42000019
250626
RPSZR HYP



41110095
ZR-42-RPS Zr-Hypodrome
Moussa Seydalamine
1
0
0,000000
41110095
1
1
0







1
21
11
1
1
1
0
0,0000
0,0000
1
0
2
4111000
06:58:26



0


0
0
0
0
0
0
0,0000
0
0
0,0000
0
0
0,0000
0
0



0
0
0




#CHLI
RPSZR HYP
GAS
34037/ AB7437RN







0
618,0000
0,00
300,00
300,00

0,0000
0,0000

0
563,85
0
563,85
0



ZR-42-RPS Zr-Hypodrome

1

0
0,0000
0
0
0,0000
0
0
0,0000
0
0
41110095


0
0


0
0


250626



0

0,00
#CHRE
2
250626

0
0
1
0

#CHEN
1
7
1
1
F42000020
250626
RPSZR HYP



41110018
ZR-42-RPS Zr-Hypodrome
Ibrahim DIDI-R‚seau
1
0
0,000000
41110018
1
1
0







1
21
11
1
1
1
0
0,0000
0,0000
1
0
2
4111000
06:59:29



0


0
0
0
0
0
0
0,0000
0
0
0,0000
0
0
0,0000
0
0



0
0
0




#CHLI
RPSZR HYP
GAS
34036/ BIDONT







0
618,0000
0,00
400,00
400,00

0,0000
0,0000

0
563,85
0
563,85
0



ZR-42-RPS Zr-Hypodrome

1

0
0,0000
0
0
0,0000
0
0
0,0000
0
0
41110018


0
0


0
0


250626



0

0,00
#CHLI
RPSZR HYP
GAS
34034/ BIDONT







0
618,0000
0,00
525,00
525,00

0,0000
0,0000

0
563,85
0
563,85
0



ZR-42-RPS Zr-Hypodrome

1

0
0,0000
0
0
0,0000
0
0
0,0000
0
0
41110018


0
0


0
0


250626



0

0,00
#CHLI
RPSZR HYP
GAS
34030/ BIDONT







0
618,0000
0,00
1125,00
1125,00

0,0000
0,0000

0
563,84
0
563,84
0



ZR-42-RPS Zr-Hypodrome

1

0
0,0000
0
0
0,0000
0
0
0,0000
0
0
41110018


0
0


0
0


250626



0

0,00
#CHRE
2
250626

0
0
1
0

#CHEN
1
7
1
1
F42000021
250626
RPSZR HYP



41120050
ZR-42-RPS Zr-Hypodrome
SSN
1
0
0,000000
41120050
1
1
0







1
21
11
1
1
1
0
0,0000
0,0000
1
0
2
4112000
07:01:30



0


0
0
0
0
0
0
0,0000
0
0
0,0000
0
0
0,0000
0
0



0
0
0




#CHLI
RPSZR HYP
GAS
2024082701218675/ CG5779RN







0
618,0000
0,00
57,46
57,46

0,0000
0,0000

0
563,85
0
563,85
0



ZR-42-RPS Zr-Hypodrome

1

0
0,0000
0
0
0,0000
0
0
0,0000
0
0
41120050


0
0


0
0


250626



0

0,00
#CHRE
2
250626

0
0
1
0

#CHEN
1
7
1
1
FGRTS0023
250626
EX-DEPOT-RIMBO



41120026
EX-DEPOT-RIMBO
Rimbo transport
1
0
0,000000
41120026
1
1
0







1
21
11
1
1
1
0
0,0000
0,0000
1
0
2
4112000
08:50:41



0


0
0
0
0
0
0
0,0000
0
0
0,0000
0
0
0,0000
0
0



0
0
0




#CHLI
GARAGE RIMBO
GAS
N/37942  BA-4168







0
618,0000
0,00
290,00
290,00

0,0000
0,0000

0
615,13
0
615,13
0



EX-DEPOT-RIMBO

1

0
0,0000
0
0
0,0000
0
0
0,0000
0
0
41120026


0
0


0
0


250626



0

0,00
#CHLI
GARAGE RIMBO
GAS
N/37941  BF-1248







0
618,0000
0,00
230,00
230,00

0,0000
0,0000

0
615,13
0
615,13
0



EX-DEPOT-RIMBO

1

0
0,0000
0
0
0,0000
0
0
0,0000
0
0
41120026


0
0


0
0


250626



0

0,00
#CHLI
GARAGE RIMBO
GAS
N/37940  BD-6229







0
618,0000
0,00
350,00
350,00

0,0000
0,0000

0
615,13
0
615,13
0



EX-DEPOT-RIMBO

1

0
0,0000
0
0
0,0000
0
0
0,0000
0
0
41120026


0
0


0
0


250626



0

0,00
#CHLI
GARAGE RIMBO
GAS
N/37939  AB-0614







0
618,0000
0,00
421,00
421,00

0,0000
0,0000

0
615,13
0
615,13
0



EX-DEPOT-RIMBO

1

0
0,0000
0
0
0,0000
0
0
0,0000
0
0
41120026


0
0


0
0


250626



0

0,00
#CHLI
GARAGE RIMBO
GAS
N/37938  BM-1598







0
618,0000
0,00
475,00
475,00

0,0000
0,0000

0
615,13
0
615,13
0



EX-DEPOT-RIMBO

1

0
0,0000
0
0
0,0000
0
0
0,0000
0
0
41120026


0
0


0
0


250626



0

0,00
#CHLI
GARAGE RIMBO
GAS
N/37937  BA-4169







0
618,0000
0,00
280,00
280,00

0,0000
0,0000

0
615,13
0
615,13
0



EX-DEPOT-RIMBO

1

0
0,0000
0
0
0,0000
0
0
0,0000
0
0
41120026


0
0


0
0


250626



0

0,00
#CHLI
GARAGE RIMBO
GAS
N/37936  CG-9139







0
618,0000
0,00
590,00
590,00

0,0000
0,0000

0
615,13
0
615,13
0



EX-DEPOT-RIMBO

1

0
0,0000
0
0
0,0000
0
0
0,0000
0
0
41120026


0
0


0
0


250626



0

0,00
#CHLI
GARAGE RIMBO
GAS
N/37935  BM-1592







0
618,0000
0,00
280,00
280,00

0,0000
0,0000

0
615,13
0
615,13
0



EX-DEPOT-RIMBO

1

0
0,0000
0
0
0,0000
0
0
0,0000
0
0
41120026


0
0


0
0


250626



0

0,00
#CHLI
GARAGE RIMBO
GAS
N/37934  CG-9136







0
618,0000
0,00
592,00
592,00

0,0000
0,0000

0
615,13
0
615,13
0



EX-DEPOT-RIMBO

1

0
0,0000
0
0
0,0000
0
0
0,0000
0
0
41120026


0
0


0
0


250626



0

0,00
#CHLI
GARAGE RIMBO
GAS
N/37933  CA-5440







0
618,0000
0,00
403,00
403,00

0,0000
0,0000

0
615,13
0
615,13
0



EX-DEPOT-RIMBO

1

0
0,0000
0
0
0,0000
0
0
0,0000
0
0
41120026


0
0


0
0


250626



0

0,00
#CHLI
GARAGE RIMBO
GAS
N/37932  BM-1597







0
618,0000
0,00
605,00
605,00

0,0000
0,0000

0
615,13
0
615,13
0



EX-DEPOT-RIMBO

1

0
0,0000
0
0
0,0000
0
0
0,0000
0
0
41120026


0
0


0
0


250626



0

0,00
#CHLI
GARAGE RIMBO
GAS
N/37931  BD-6236







0
618,0000
0,00
560,00
560,00

0,0000
0,0000

0
615,13
0
615,13
0



EX-DEPOT-RIMBO

1

0
0,0000
0
0
0,0000
0
0
0,0000
0
0
41120026


0
0


0
0


250626



0

0,00
#CHLI
GARAGE RIMBO
GAS
N/37930  BL-1243







0
618,0000
0,00
460,00
460,00

0,0000
0,0000

0
615,13
0
615,13
0



EX-DEPOT-RIMBO

1

0
0,0000
0
0
0,0000
0
0
0,0000
0
0
41120026


0
0


0
0


250626



0

0,00
#CHLI
GARAGE RIMBO
GAS
N/37929  BP-6272







0
618,0000
0,00
397,00
397,00

0,0000
0,0000

0
615,13
0
615,13
0



EX-DEPOT-RIMBO

1

0
0,0000
0
0
0,0000
0
0
0,0000
0
0
41120026


0
0


0
0


250626



0

0,00
#CHLI
GARAGE RIMBO
GAS
N/37928  CG-9144







0
618,0000
0,00
550,00
550,00

0,0000
0,0000

0
615,13
0
615,13
0



EX-DEPOT-RIMBO

1

0
0,0000
0
0
0,0000
0
0
0,0000
0
0
41120026


0
0


0
0


250626



0

0,00
#CHLI
GARAGE RIMBO
GAS
N/37927  CA-5431







0
618,0000
0,00
617,00
617,00

0,0000
0,0000

0
615,13
0
615,13
0



EX-DEPOT-RIMBO

1

0
0,0000
0
0
0,0000
0
0
0,0000
0
0
41120026


0
0


0
0


250626



0

0,00
#CHLI
GARAGE RIMBO
GAS
N/37926  BD-6233







0
618,0000
0,00
253,01
253,01

0,0000
0,0000

0
615,13
0
615,13
0



EX-DEPOT-RIMBO

1

0
0,0000
0
0
0,0000
0
0
0,0000
0
0
41120026


0
0


0
0


250626



0

0,00
#CHLI
GARAGE RIMBO
GAS
N/37925  BA-4160







0
618,0000
0,00
216,00
216,00

0,0000
0,0000

0
615,13
0
615,13
0



EX-DEPOT-RIMBO

1

0
0,0000
0
0
0,0000
0
0
0,0000
0
0
41120026


0
0


0
0


250626



0

0,00
#CHLI
GARAGE RIMBO
GAS
N/37924  AL-0076







0
618,0000
0,00
161,01
161,01

0,0000
0,0000

0
615,13
0
615,13
0



EX-DEPOT-RIMBO

1

0
0,0000
0
0
0,0000
0
0
0,0000
0
0
41120026


0
0


0
0


250626



0

0,00
#CHLI
GARAGE RIMBO
GAS
N/37923  CG-9137







0
618,0000
0,00
597,00
597,00

0,0000
0,0000

0
615,13
0
615,13
0



EX-DEPOT-RIMBO

1

0
0,0000
0
0
0,0000
0
0
0,0000
0
0
41120026


0
0


0
0


250626



0

0,00
#CHLI
GARAGE RIMBO
GAS
N/37922  CA-5439







0
618,0000
0,00
584,00
584,00

0,0000
0,0000

0
615,13
0
615,13
0



EX-DEPOT-RIMBO

1

0
0,0000
0
0
0,0000
0
0
0,0000
0
0
41120026


0
0


0
0


250626



0

0,00
#CHLI
GARAGE RIMBO
GAS
N/37921  AH-5474







0
618,0000
0,00
100,00
100,00

0,0000
0,0000

0
615,13
0
615,13
0



EX-DEPOT-RIMBO

1

0
0,0000
0
0
0,0000
0
0
0,0000
0
0
41120026


0
0


0
0


250626



0

0,00
#CHLI
GARAGE RIMBO
GAS
N/37920  CG-9138







0
618,0000
0,00
610,00
610,00

0,0000
0,0000

0
615,13
0
615,13
0



EX-DEPOT-RIMBO

1

0
0,0000
0
0
0,0000
0
0
0,0000
0
0
41120026


0
0


0
0


250626



0

0,00
#CHLI
GARAGE RIMBO
GAS
N/37919  BP-6268







0
618,0000
0,00
558,00
558,00

0,0000
0,0000

0
615,13
0
615,13
0



EX-DEPOT-RIMBO

1

0
0,0000
0
0
0,0000
0
0
0,0000
0
0
41120026


0
0


0
0


250626



0

0,00
#CHLI
GARAGE RIMBO
GAS
N/37918  CA-5435







0
618,0000
0,00
570,00
570,00

0,0000
0,0000

0
615,13
0
615,13
0



EX-DEPOT-RIMBO

1

0
0,0000
0
0
0,0000
0
0
0,0000
0
0
41120026


0
0


0
0


250626



0

0,00
#CHLI
GARAGE RIMBO
GAS
N/37917  BL-1240







0
618,0000
0,00
215,00
215,00

0,0000
0,0000

0
615,13
0
615,13
0



EX-DEPOT-RIMBO

1

0
0,0000
0
0
0,0000
0
0
0,0000
0
0
41120026


0
0


0
0


250626



0

0,00
#CHLI
GARAGE RIMBO
GAS
N/37916  BD-6231







0
618,0000
0,00
415,01
415,01

0,0000
0,0000

0
615,13
0
615,13
0



EX-DEPOT-RIMBO

1

0
0,0000
0
0
0,0000
0
0
0,0000
0
0
41120026


0
0


0
0


250626



0

0,00
#CHLI
GARAGE RIMBO
GAS
N/37915  AH-5474







0
618,0000
0,00
60,00
60,00

0,0000
0,0000

0
615,13
0
615,13
0



EX-DEPOT-RIMBO

1

0
0,0000
0
0
0,0000
0
0
0,0000
0
0
41120026


0
0


0
0


250626



0

0,00
#CHRE
2
250626

0
0
1
0

#FIN
